{
  "assets": [
    "BTC-USD",
    "ETH-USD",
    "SOL-USD",
    "AVAX-USD"
  ],
  "duration": 78.07387280464172,
  "updates_by_asset": {
    "BTC-USD": 27374,
    "ETH-USD": 20070,
    "SOL-USD": 4285,
    "AVAX-USD": 588
  },
  "total_updates": 52317,
  "analyses_run": 76,
  "frames_collected": 76,
  "findings": [
    {
      "timestamp": "2026-01-26T02:46:02.825222+00:00",
      "num_assets": 4,
      "assets": [
        "BTC-USD",
        "ETH-USD",
        "SOL-USD",
        "AVAX-USD"
      ],
      "assets_detail": {
        "BTC-USD": {
          "mid_price": 87543.985,
          "spread_bps": 0.0011422829346086113,
          "imbalance": -0.1743207536635836
        },
        "ETH-USD": {
          "mid_price": 2866.0950000000003,
          "spread_bps": 0.03489067877988528,
          "imbalance": -0.3078180129990715
        },
        "SOL-USD": {
          "mid_price": 121.975,
          "spread_bps": 0.8198401311748404,
          "imbalance": -0.04053307818795348
        },
        "AVAX-USD": {
          "mid_price": 11.625,
          "spread_bps": 8.602150537635753,
          "imbalance": 0.15467923918496507
        }
      },
      "correlation": {
        "matrix": [
          [
            1.0000004768371582,
            0.9592754244804382,
            0.7002532482147217,
            0.4356796145439148
          ],
          [
            0.9592754244804382,
            1.0,
            0.8308174014091492,
            0.5796402096748352
          ],
          [
            0.7002532482147217,
            0.8308174014091492,
            1.0000004768371582,
            0.8494644165039062
          ],
          [
            0.4356796145439148,
            0.5796402096748352,
            0.8494644165039062,
            0.9999997615814209
          ]
        ],
        "mean_correlation": 0.7943912744522095,
        "max_off_diagonal": 0.9592754244804382,
        "most_correlated": {
          "pair": [
            "BTC-USD",
            "ETH-USD"
          ],
          "value": 0.9592754244804382
        }
      },
      "liquidity": {
        "by_asset": {
          "BTC-USD": 17.115896224975586,
          "ETH-USD": 346.75140380859375,
          "SOL-USD": 22860.7421875,
          "AVAX-USD": 77738.9921875
        },
        "total": 100963.6015625
      },
      "compression": {
        "shape": [
          4,
          64,
          2
        ],
        "num_assets": 4,
        "price_levels": 64,
        "compression_ratio": 1.28,
        "ranks": [
          3,
          2
        ],
        "max_rank": 3,
        "num_cores": 3,
        "original_params": 512,
        "compressed_params": 400
      },
      "anomalies": [
        {
          "type": "correlation_spike",
          "pair": [
            "BTC-USD",
            "ETH-USD"
          ],
          "value": 0.9592754244804382
        },
        {
          "type": "complexity_spike",
          "compression_ratio": 1.28
        }
      ],
      "anomaly_count": 2
    },
    {
      "timestamp": "2026-01-26T02:46:03.841296+00:00",
      "num_assets": 4,
      "assets": [
        "BTC-USD",
        "ETH-USD",
        "SOL-USD",
        "AVAX-USD"
      ],
      "assets_detail": {
        "BTC-USD": {
          "mid_price": 87528.985,
          "spread_bps": 0.046841626234268845,
          "imbalance": -0.21923865303640686
        },
        "ETH-USD": {
          "mid_price": 2865.285,
          "spread_bps": 0.03490054217909748,
          "imbalance": -0.21013956995210295
        },
        "SOL-USD": {
          "mid_price": 121.975,
          "spread_bps": 0.8198401311748404,
          "imbalance": -0.06717144636323696
        },
        "AVAX-USD": {
          "mid_price": 11.614999999999998,
          "spread_bps": 8.609556607834515,
          "imbalance": 0.1408625196193732
        }
      },
      "correlation": {
        "matrix": [
          [
            0.9999997615814209,
            0.9722689390182495,
            0.8244897127151489,
            0.53399658203125
          ],
          [
            0.9722689390182495,
            0.9999998807907104,
            0.8970378637313843,
            0.6505019664764404
          ],
          [
            0.8244897127151489,
            0.8970378637313843,
            0.9999997615814209,
            0.8651638031005859
          ],
          [
            0.53399658203125,
            0.6505019664764404,
            0.8651638031005859,
            0.9999998807907104
          ]
        ],
        "mean_correlation": 0.8429323434829712,
        "max_off_diagonal": 0.9722689390182495,
        "most_correlated": {
          "pair": [
            "BTC-USD",
            "ETH-USD"
          ],
          "value": 0.9722689390182495
        }
      },
      "liquidity": {
        "by_asset": {
          "BTC-USD": 59.14039611816406,
          "ETH-USD": 642.7562866210938,
          "SOL-USD": 23208.3515625,
          "AVAX-USD": 78465.9609375
        },
        "total": 102376.2109375
      },
      "flow": {
        "by_asset": {
          "BTC-USD": 41.359683990478516,
          "ETH-USD": 291.3221740722656,
          "SOL-USD": 342.1103210449219,
          "AVAX-USD": 715.4683227539062
        },
        "net_divergence": 1390.260498046875
      },
      "price_changes_pct": {
        "BTC-USD": -0.017134244003171664,
        "ETH-USD": -0.028261449812389337,
        "SOL-USD": 0.0,
        "AVAX-USD": -0.08602150537635753
      },
      "compression": {
        "shape": [
          4,
          64,
          2
        ],
        "num_assets": 4,
        "price_levels": 64,
        "compression_ratio": 0.9624060150375939,
        "ranks": [
          4,
          2
        ],
        "max_rank": 4,
        "num_cores": 3,
        "original_params": 512,
        "compressed_params": 532
      },
      "anomalies": [
        {
          "type": "correlation_spike",
          "pair": [
            "BTC-USD",
            "ETH-USD"
          ],
          "value": 0.9722689390182495
        },
        {
          "type": "mass_divergence",
          "direction": "inflow",
          "magnitude": 1390.260498046875
        },
        {
          "type": "complexity_spike",
          "compression_ratio": 0.9624060150375939
        }
      ],
      "anomaly_count": 3
    },
    {
      "timestamp": "2026-01-26T02:46:04.863160+00:00",
      "num_assets": 4,
      "assets": [
        "BTC-USD",
        "ETH-USD",
        "SOL-USD",
        "AVAX-USD"
      ],
      "assets_detail": {
        "BTC-USD": {
          "mid_price": 87529.285,
          "spread_bps": 0.0011424747722732238,
          "imbalance": -0.20900622952353848
        },
        "ETH-USD": {
          "mid_price": 2865.4849999999997,
          "spread_bps": 0.034898106253438886,
          "imbalance": -0.1768434583196673
        },
        "SOL-USD": {
          "mid_price": 121.96000000000001,
          "spread_bps": 1.6398819285008215,
          "imbalance": -0.10642939749151545
        },
        "AVAX-USD": {
          "mid_price": 11.614999999999998,
          "spread_bps": 8.609556607834515,
          "imbalance": 0.15020667110256025
        }
      },
      "correlation": {
        "matrix": [
          [
            0.9999998807907104,
            0.9697318077087402,
            0.834263801574707,
            0.5340934991836548
          ],
          [
            0.9697318077087402,
            1.0000001192092896,
            0.9012116193771362,
            0.6535816192626953
          ],
          [
            0.834263801574707,
            0.9012116193771362,
            0.9999999403953552,
            0.8530019521713257
          ],
          [
            0.5340934991836548,
            0.6535816192626953,
            0.8530019521713257,
            0.9999997615814209
          ]
        ],
        "mean_correlation": 0.8432354927062988,
        "max_off_diagonal": 0.9697318077087402,
        "most_correlated": {
          "pair": [
            "BTC-USD",
            "ETH-USD"
          ],
          "value": 0.9697318077087402
        }
      },
      "liquidity": {
        "by_asset": {
          "BTC-USD": 59.67549133300781,
          "ETH-USD": 644.06298828125,
          "SOL-USD": 23444.498046875,
          "AVAX-USD": 78115.1328125
        },
        "total": 102263.3671875
      },
      "flow": {
        "by_asset": {
          "BTC-USD": 0.5236461758613586,
          "ETH-USD": 1.2787431478500366,
          "SOL-USD": 231.09384155273438,
          "AVAX-USD": -343.32171630859375
        },
        "net_divergence": -110.42549133300781
      },
      "price_changes_pct": {
        "BTC-USD": 0.0003427436065926166,
        "ETH-USD": 0.006980108435978205,
        "SOL-USD": -0.01229760196760513,
        "AVAX-USD": 0.0
      },
      "compression": {
        "shape": [
          4,
          64,
          2
        ],
        "num_assets": 4,
        "price_levels": 64,
        "compression_ratio": 0.9624060150375939,
        "ranks": [
          4,
          2
        ],
        "max_rank": 4,
        "num_cores": 3,
        "original_params": 512,
        "compressed_params": 532
      },
      "anomalies": [
        {
          "type": "correlation_spike",
          "pair": [
            "BTC-USD",
            "ETH-USD"
          ],
          "value": 0.9697318077087402
        },
        {
          "type": "mass_divergence",
          "direction": "outflow",
          "magnitude": 110.42549133300781
        },
        {
          "type": "complexity_spike",
          "compression_ratio": 0.9624060150375939
        }
      ],
      "anomaly_count": 3
    },
    {
      "timestamp": "2026-01-26T02:46:05.865365+00:00",
      "num_assets": 4,
      "assets": [
        "BTC-USD",
        "ETH-USD",
        "SOL-USD",
        "AVAX-USD"
      ],
      "assets_detail": {
        "BTC-USD": {
          "mid_price": 87529.285,
          "spread_bps": 0.0011424747722732238,
          "imbalance": -0.19723661850646876
        },
        "ETH-USD": {
          "mid_price": 2865.54,
          "spread_bps": 0.1395897457371512,
          "imbalance": -0.15682138288557365
        },
        "SOL-USD": {
          "mid_price": 121.96000000000001,
          "spread_bps": 1.6398819285008215,
          "imbalance": -0.08588064881490487
        },
        "AVAX-USD": {
          "mid_price": 11.614999999999998,
          "spread_bps": 8.609556607834515,
          "imbalance": 0.15018266073021586
        }
      },
      "correlation": {
        "matrix": [
          [
            1.0,
            0.9683440923690796,
            0.831189751625061,
            0.5369188785552979
          ],
          [
            0.9683440923690796,
            0.9999998807907104,
            0.9037848711013794,
            0.662883996963501
          ],
          [
            0.831189751625061,
            0.9037848711013794,
            1.0000005960464478,
            0.8581931591033936
          ],
          [
            0.5369188785552979,
            0.662883996963501,
            0.8581931591033936,
            1.0000004768371582
          ]
        ],
        "mean_correlation": 0.84516441822052,
        "max_off_diagonal": 0.9683440923690796,
        "most_correlated": {
          "pair": [
            "BTC-USD",
            "ETH-USD"
          ],
          "value": 0.9683440923690796
        }
      },
      "liquidity": {
        "by_asset": {
          "BTC-USD": 61.316627502441406,
          "ETH-USD": 637.427001953125,
          "SOL-USD": 23495.36328125,
          "AVAX-USD": 78112.9296875
        },
        "total": 102307.0390625
      },
      "flow": {
        "by_asset": {
          "BTC-USD": 1.6375254392623901,
          "ETH-USD": -6.6213860511779785,
          "SOL-USD": 50.75332260131836,
          "AVAX-USD": -2.198277711868286
        },
        "net_divergence": 43.57118606567383
      },
      "price_changes_pct": {
        "BTC-USD": 0.0,
        "ETH-USD": 0.0019193958439946831,
        "SOL-USD": 0.0,
        "AVAX-USD": 0.0
      },
      "compression": {
        "shape": [
          4,
          64,
          2
        ],
        "num_assets": 4,
        "price_levels": 64,
        "compression_ratio": 0.9624060150375939,
        "ranks": [
          4,
          2
        ],
        "max_rank": 4,
        "num_cores": 3,
        "original_params": 512,
        "compressed_params": 532
      },
      "anomalies": [
        {
          "type": "correlation_spike",
          "pair": [
            "BTC-USD",
            "ETH-USD"
          ],
          "value": 0.9683440923690796
        },
        {
          "type": "complexity_spike",
          "compression_ratio": 0.9624060150375939
        }
      ],
      "anomaly_count": 2
    },
    {
      "timestamp": "2026-01-26T02:46:06.896014+00:00",
      "num_assets": 4,
      "assets": [
        "BTC-USD",
        "ETH-USD",
        "SOL-USD",
        "AVAX-USD"
      ],
      "assets_detail": {
        "BTC-USD": {
          "mid_price": 87529.285,
          "spread_bps": 0.0011424747722732238,
          "imbalance": -0.26665302311735933
        },
        "ETH-USD": {
          "mid_price": 2865.5950000000003,
          "spread_bps": 0.03489676663926176,
          "imbalance": -0.09444675520743923
        },
        "SOL-USD": {
          "mid_price": 121.965,
          "spread_bps": 0.8199073504698163,
          "imbalance": -0.05141347199595357
        },
        "AVAX-USD": {
          "mid_price": 11.614999999999998,
          "spread_bps": 8.609556607834515,
          "imbalance": 0.15018266073021586
        }
      },
      "correlation": {
        "matrix": [
          [
            1.0,
            0.9519070386886597,
            0.808780312538147,
            0.5248627066612244
          ],
          [
            0.9519070386886597,
            0.9999998807907104,
            0.9122573137283325,
            0.6954131126403809
          ],
          [
            0.808780312538147,
            0.9122573137283325,
            0.9999996423721313,
            0.8705860376358032
          ],
          [
            0.5248627066612244,
            0.6954131126403809,
            0.8705860376358032,
            1.0000004768371582
          ]
        ],
        "mean_correlation": 0.8454757928848267,
        "max_off_diagonal": 0.9519070386886597,
        "most_correlated": {
          "pair": [
            "BTC-USD",
            "ETH-USD"
          ],
          "value": 0.9519070386886597
        }
      },
      "liquidity": {
        "by_asset": {
          "BTC-USD": 58.64083480834961,
          "ETH-USD": 608.6826171875,
          "SOL-USD": 22944.630859375,
          "AVAX-USD": 78112.9296875
        },
        "total": 101724.8828125
      },
      "flow": {
        "by_asset": {
          "BTC-USD": -2.5962212085723877,
          "ETH-USD": -27.889598846435547,
          "SOL-USD": -534.35498046875,
          "AVAX-USD": 0.0
        },
        "net_divergence": -564.8408203125
      },
      "price_changes_pct": {
        "BTC-USD": 0.0,
        "ETH-USD": 0.001919359003897731,
        "SOL-USD": 0.004099704821249141,
        "AVAX-USD": 0.0
      },
      "compression": {
        "shape": [
          4,
          64,
          2
        ],
        "num_assets": 4,
        "price_levels": 64,
        "compression_ratio": 0.9624060150375939,
        "ranks": [
          4,
          2
        ],
        "max_rank": 4,
        "num_cores": 3,
        "original_params": 512,
        "compressed_params": 532
      },
      "anomalies": [
        {
          "type": "correlation_spike",
          "pair": [
            "BTC-USD",
            "ETH-USD"
          ],
          "value": 0.9519070386886597
        },
        {
          "type": "mass_divergence",
          "direction": "outflow",
          "magnitude": 564.8408203125
        },
        {
          "type": "complexity_spike",
          "compression_ratio": 0.9624060150375939
        }
      ],
      "anomaly_count": 3
    },
    {
      "timestamp": "2026-01-26T02:46:07.931870+00:00",
      "num_assets": 4,
      "assets": [
        "BTC-USD",
        "ETH-USD",
        "SOL-USD",
        "AVAX-USD"
      ],
      "assets_detail": {
        "BTC-USD": {
          "mid_price": 87529.225,
          "spread_bps": 0.0011424755554229242,
          "imbalance": -0.1621239852968478
        },
        "ETH-USD": {
          "mid_price": 2865.5950000000003,
          "spread_bps": 0.03489676663926176,
          "imbalance": -0.12018569970652561
        },
        "SOL-USD": {
          "mid_price": 121.96000000000001,
          "spread_bps": 1.6398819285008215,
          "imbalance": -0.06508205557277755
        },
        "AVAX-USD": {
          "mid_price": 11.614999999999998,
          "spread_bps": 8.609556607834515,
          "imbalance": 0.15328176234533292
        }
      },
      "correlation": {
        "matrix": [
          [
            1.0000003576278687,
            0.9701006412506104,
            0.8362491130828857,
            0.569196343421936
          ],
          [
            0.9701006412506104,
            1.0,
            0.9038296937942505,
            0.6815999746322632
          ],
          [
            0.8362491130828857,
            0.9038296937942505,
            1.0000001192092896,
            0.8654942512512207
          ],
          [
            0.569196343421936,
            0.6815999746322632,
            0.8654942512512207,
            1.000000238418579
          ]
        ],
        "mean_correlation": 0.8533087968826294,
        "max_off_diagonal": 0.9701006412506104,
        "most_correlated": {
          "pair": [
            "BTC-USD",
            "ETH-USD"
          ],
          "value": 0.9701006412506104
        }
      },
      "liquidity": {
        "by_asset": {
          "BTC-USD": 59.6194953918457,
          "ETH-USD": 609.4585571289062,
          "SOL-USD": 23028.2890625,
          "AVAX-USD": 78133.09375
        },
        "total": 101830.4609375
      },
      "flow": {
        "by_asset": {
          "BTC-USD": 0.94478440284729,
          "ETH-USD": 0.7490808963775635,
          "SOL-USD": 80.76238250732422,
          "AVAX-USD": 19.46608543395996
        },
        "net_divergence": 101.92233276367188
      },
      "price_changes_pct": {
        "BTC-USD": -6.854848636964381e-05,
        "ETH-USD": 0.0,
        "SOL-USD": -0.004099536752343256,
        "AVAX-USD": 0.0
      },
      "compression": {
        "shape": [
          4,
          64,
          2
        ],
        "num_assets": 4,
        "price_levels": 64,
        "compression_ratio": 0.9624060150375939,
        "ranks": [
          4,
          2
        ],
        "max_rank": 4,
        "num_cores": 3,
        "original_params": 512,
        "compressed_params": 532
      },
      "anomalies": [
        {
          "type": "correlation_spike",
          "pair": [
            "BTC-USD",
            "ETH-USD"
          ],
          "value": 0.9701006412506104
        },
        {
          "type": "mass_divergence",
          "direction": "inflow",
          "magnitude": 101.92233276367188
        },
        {
          "type": "complexity_spike",
          "compression_ratio": 0.9624060150375939
        }
      ],
      "anomaly_count": 3
    },
    {
      "timestamp": "2026-01-26T02:46:08.948939+00:00",
      "num_assets": 4,
      "assets": [
        "BTC-USD",
        "ETH-USD",
        "SOL-USD",
        "AVAX-USD"
      ],
      "assets_detail": {
        "BTC-USD": {
          "mid_price": 87524.125,
          "spread_bps": 0.0011425421287345888,
          "imbalance": -0.33884076035653715
        },
        "ETH-USD": {
          "mid_price": 2865.5950000000003,
          "spread_bps": 0.03489676663926176,
          "imbalance": -0.1275812494178818
        },
        "SOL-USD": {
          "mid_price": 121.955,
          "spread_bps": 0.8199745807872498,
          "imbalance": -0.0838256208053475
        },
        "AVAX-USD": {
          "mid_price": 11.614999999999998,
          "spread_bps": 8.609556607834515,
          "imbalance": 0.15162371122054552
        }
      },
      "correlation": {
        "matrix": [
          [
            0.9999998211860657,
            0.9397525191307068,
            0.818763256072998,
            0.5326730012893677
          ],
          [
            0.9397525191307068,
            1.0,
            0.9082772731781006,
            0.6775186061859131
          ],
          [
            0.818763256072998,
            0.9082772731781006,
            1.0000004768371582,
            0.8558728694915771
          ],
          [
            0.5326730012893677,
            0.6775186061859131,
            0.8558728694915771,
            1.0000004768371582
          ]
        ],
        "mean_correlation": 0.8416072130203247,
        "max_off_diagonal": 0.9397525191307068,
        "most_correlated": {
          "pair": [
            "BTC-USD",
            "ETH-USD"
          ],
          "value": 0.9397525191307068
        }
      },
      "liquidity": {
        "by_asset": {
          "BTC-USD": 62.48775100708008,
          "ETH-USD": 619.5986328125,
          "SOL-USD": 23483.8203125,
          "AVAX-USD": 78245.5859375
        },
        "total": 102411.4921875
      },
      "flow": {
        "by_asset": {
          "BTC-USD": 2.8201191425323486,
          "ETH-USD": 9.96989917755127,
          "SOL-USD": 447.88629150390625,
          "AVAX-USD": 110.60428619384766
        },
        "net_divergence": 571.2805786132812
      },
      "price_changes_pct": {
        "BTC-USD": -0.005826625335715951,
        "ETH-USD": 0.0,
        "SOL-USD": -0.004099704821260793,
        "AVAX-USD": 0.0
      },
      "compression": {
        "shape": [
          4,
          64,
          2
        ],
        "num_assets": 4,
        "price_levels": 64,
        "compression_ratio": 0.9624060150375939,
        "ranks": [
          4,
          2
        ],
        "max_rank": 4,
        "num_cores": 3,
        "original_params": 512,
        "compressed_params": 532
      },
      "anomalies": [
        {
          "type": "correlation_spike",
          "pair": [
            "BTC-USD",
            "ETH-USD"
          ],
          "value": 0.9397525191307068
        },
        {
          "type": "mass_divergence",
          "direction": "inflow",
          "magnitude": 571.2805786132812
        },
        {
          "type": "complexity_spike",
          "compression_ratio": 0.9624060150375939
        }
      ],
      "anomaly_count": 3
    },
    {
      "timestamp": "2026-01-26T02:46:09.954001+00:00",
      "num_assets": 4,
      "assets": [
        "BTC-USD",
        "ETH-USD",
        "SOL-USD",
        "AVAX-USD"
      ],
      "assets_detail": {
        "BTC-USD": {
          "mid_price": 87521.985,
          "spread_bps": 0.0011425700650314575,
          "imbalance": -0.37050743193592733
        },
        "ETH-USD": {
          "mid_price": 2865.5950000000003,
          "spread_bps": 0.03489676663926176,
          "imbalance": -0.16818064579675113
        },
        "SOL-USD": {
          "mid_price": 121.955,
          "spread_bps": 0.8199745807872498,
          "imbalance": -0.09371717272772748
        },
        "AVAX-USD": {
          "mid_price": 11.614999999999998,
          "spread_bps": 8.609556607834515,
          "imbalance": 0.15031845946448677
        }
      },
      "correlation": {
        "matrix": [
          [
            0.9999997615814209,
            0.9532716274261475,
            0.8507673144340515,
            0.5753688812255859
          ],
          [
            0.9532716274261475,
            0.9999997615814209,
            0.9048377275466919,
            0.6707595586776733
          ],
          [
            0.8507673144340515,
            0.9048377275466919,
            1.0000001192092896,
            0.8624206185340881
          ],
          [
            0.5753688812255859,
            0.6707595586776733,
            0.8624206185340881,
            1.0000001192092896
          ]
        ],
        "mean_correlation": 0.8521782159805298,
        "max_off_diagonal": 0.9532716274261475,
        "most_correlated": {
          "pair": [
            "BTC-USD",
            "ETH-USD"
          ],
          "value": 0.9532716274261475
        }
      },
      "liquidity": {
        "by_asset": {
          "BTC-USD": 74.20938110351562,
          "ETH-USD": 655.6094970703125,
          "SOL-USD": 23739.3125,
          "AVAX-USD": 78792.40625
        },
        "total": 103261.5390625
      },
      "flow": {
        "by_asset": {
          "BTC-USD": 11.662593841552734,
          "ETH-USD": 35.82949447631836,
          "SOL-USD": 254.2053985595703,
          "AVAX-USD": 544.0662841796875
        },
        "net_divergence": 845.7637939453125
      },
      "price_changes_pct": {
        "BTC-USD": -0.002445040153214234,
        "ETH-USD": 0.0,
        "SOL-USD": 0.0,
        "AVAX-USD": 0.0
      },
      "compression": {
        "shape": [
          4,
          64,
          2
        ],
        "num_assets": 4,
        "price_levels": 64,
        "compression_ratio": 0.9624060150375939,
        "ranks": [
          4,
          2
        ],
        "max_rank": 4,
        "num_cores": 3,
        "original_params": 512,
        "compressed_params": 532
      },
      "anomalies": [
        {
          "type": "correlation_spike",
          "pair": [
            "BTC-USD",
            "ETH-USD"
          ],
          "value": 0.9532716274261475
        },
        {
          "type": "mass_divergence",
          "direction": "inflow",
          "magnitude": 845.7637939453125
        },
        {
          "type": "complexity_spike",
          "compression_ratio": 0.9624060150375939
        }
      ],
      "anomaly_count": 3
    },
    {
      "timestamp": "2026-01-26T02:46:10.966534+00:00",
      "num_assets": 4,
      "assets": [
        "BTC-USD",
        "ETH-USD",
        "SOL-USD",
        "AVAX-USD"
      ],
      "assets_detail": {
        "BTC-USD": {
          "mid_price": 87521.985,
          "spread_bps": 0.0011425700650314575,
          "imbalance": -0.3519567012648315
        },
        "ETH-USD": {
          "mid_price": 2865.5950000000003,
          "spread_bps": 0.03489676663926176,
          "imbalance": -0.11960908534842409
        },
        "SOL-USD": {
          "mid_price": 121.955,
          "spread_bps": 0.8199745807872498,
          "imbalance": -0.10143332530965425
        },
        "AVAX-USD": {
          "mid_price": 11.614999999999998,
          "spread_bps": 8.609556607834515,
          "imbalance": 0.15031834540702235
        }
      },
      "correlation": {
        "matrix": [
          [
            0.9999999403953552,
            0.947831392288208,
            0.8642348051071167,
            0.5885342359542847
          ],
          [
            0.947831392288208,
            0.9999998807907104,
            0.9250497817993164,
            0.7033042907714844
          ],
          [
            0.8642348051071167,
            0.9250497817993164,
            1.0000004768371582,
            0.859271764755249
          ],
          [
            0.5885342359542847,
            0.7033042907714844,
            0.859271764755249,
            1.0000001192092896
          ]
        ],
        "mean_correlation": 0.8610283136367798,
        "max_off_diagonal": 0.947831392288208,
        "most_correlated": {
          "pair": [
            "BTC-USD",
            "ETH-USD"
          ],
          "value": 0.947831392288208
        }
      },
      "liquidity": {
        "by_asset": {
          "BTC-USD": 78.18155670166016,
          "ETH-USD": 614.41943359375,
          "SOL-USD": 23911.96875,
          "AVAX-USD": 78792.421875
        },
        "total": 103396.9921875
      },
      "flow": {
        "by_asset": {
          "BTC-USD": 3.923008680343628,
          "ETH-USD": -40.68022155761719,
          "SOL-USD": 170.51914978027344,
          "AVAX-USD": 0.015431596897542477
        },
        "net_divergence": 133.77735900878906
      },
      "price_changes_pct": {
        "BTC-USD": 0.0,
        "ETH-USD": 0.0,
        "SOL-USD": 0.0,
        "AVAX-USD": 0.0
      },
      "compression": {
        "shape": [
          4,
          64,
          2
        ],
        "num_assets": 4,
        "price_levels": 64,
        "compression_ratio": 0.9624060150375939,
        "ranks": [
          4,
          2
        ],
        "max_rank": 4,
        "num_cores": 3,
        "original_params": 512,
        "compressed_params": 532
      },
      "anomalies": [
        {
          "type": "correlation_spike",
          "pair": [
            "BTC-USD",
            "ETH-USD"
          ],
          "value": 0.947831392288208
        },
        {
          "type": "mass_divergence",
          "direction": "inflow",
          "magnitude": 133.77735900878906
        },
        {
          "type": "complexity_spike",
          "compression_ratio": 0.9624060150375939
        }
      ],
      "anomaly_count": 3
    },
    {
      "timestamp": "2026-01-26T02:46:11.977523+00:00",
      "num_assets": 4,
      "assets": [
        "BTC-USD",
        "ETH-USD",
        "SOL-USD",
        "AVAX-USD"
      ],
      "assets_detail": {
        "BTC-USD": {
          "mid_price": 87521.91500000001,
          "spread_bps": 0.0011425709771959755,
          "imbalance": -0.3376154170642239
        },
        "ETH-USD": {
          "mid_price": 2865.5950000000003,
          "spread_bps": 0.03489676663926176,
          "imbalance": -0.1573325409149313
        },
        "SOL-USD": {
          "mid_price": 121.955,
          "spread_bps": 0.8199745807872498,
          "imbalance": -0.10149615043556114
        },
        "AVAX-USD": {
          "mid_price": 11.614999999999998,
          "spread_bps": 8.609556607834515,
          "imbalance": 0.1469497787077056
        }
      },
      "correlation": {
        "matrix": [
          [
            0.9999999403953552,
            0.9629789590835571,
            0.8733400702476501,
            0.6021512746810913
          ],
          [
            0.9629789590835571,
            0.9999998211860657,
            0.9374839067459106,
            0.7117432355880737
          ],
          [
            0.8733400702476501,
            0.9374839067459106,
            0.9999999403953552,
            0.8597764372825623
          ],
          [
            0.6021512746810913,
            0.7117432355880737,
            0.8597764372825623,
            1.000000238418579
          ]
        ],
        "mean_correlation": 0.8684342503547668,
        "max_off_diagonal": 0.9629789590835571,
        "most_correlated": {
          "pair": [
            "BTC-USD",
            "ETH-USD"
          ],
          "value": 0.9629789590835571
        }
      },
      "liquidity": {
        "by_asset": {
          "BTC-USD": 80.06312561035156,
          "ETH-USD": 651.5194702148438,
          "SOL-USD": 23958.294921875,
          "AVAX-USD": 79025.328125
        },
        "total": 103715.203125
      },
      "flow": {
        "by_asset": {
          "BTC-USD": 1.8611171245574951,
          "ETH-USD": 36.69677734375,
          "SOL-USD": 45.822628021240234,
          "AVAX-USD": 230.3746795654297
        },
        "net_divergence": 314.75518798828125
      },
      "price_changes_pct": {
        "BTC-USD": -7.997990446906911e-05,
        "ETH-USD": 0.0,
        "SOL-USD": 0.0,
        "AVAX-USD": 0.0
      },
      "compression": {
        "shape": [
          4,
          64,
          2
        ],
        "num_assets": 4,
        "price_levels": 64,
        "compression_ratio": 0.9624060150375939,
        "ranks": [
          4,
          2
        ],
        "max_rank": 4,
        "num_cores": 3,
        "original_params": 512,
        "compressed_params": 532
      },
      "anomalies": [
        {
          "type": "correlation_spike",
          "pair": [
            "BTC-USD",
            "ETH-USD"
          ],
          "value": 0.9629789590835571
        },
        {
          "type": "mass_divergence",
          "direction": "inflow",
          "magnitude": 314.75518798828125
        },
        {
          "type": "complexity_spike",
          "compression_ratio": 0.9624060150375939
        }
      ],
      "anomaly_count": 3
    },
    {
      "timestamp": "2026-01-26T02:46:12.996169+00:00",
      "num_assets": 4,
      "assets": [
        "BTC-USD",
        "ETH-USD",
        "SOL-USD",
        "AVAX-USD"
      ],
      "assets_detail": {
        "BTC-USD": {
          "mid_price": 87521.91500000001,
          "spread_bps": 0.0011425709771959755,
          "imbalance": -0.5271836007496151
        },
        "ETH-USD": {
          "mid_price": 2865.5950000000003,
          "spread_bps": 0.03489676663926176,
          "imbalance": -0.1487032967892822
        },
        "SOL-USD": {
          "mid_price": 121.955,
          "spread_bps": 0.8199745807872498,
          "imbalance": -0.0768346922806119
        },
        "AVAX-USD": {
          "mid_price": 11.614999999999998,
          "spread_bps": 8.609556607834515,
          "imbalance": 0.1469497787077056
        }
      },
      "correlation": {
        "matrix": [
          [
            1.0,
            0.859761118888855,
            0.8996987342834473,
            0.6916435360908508
          ],
          [
            0.859761118888855,
            1.0,
            0.9236811399459839,
            0.7138179540634155
          ],
          [
            0.8996987342834473,
            0.9236811399459839,
            1.000000238418579,
            0.8736615180969238
          ],
          [
            0.6916435360908508,
            0.7138179540634155,
            0.8736615180969238,
            1.0
          ]
        ],
        "mean_correlation": 0.8702829480171204,
        "max_off_diagonal": 0.9236811399459839,
        "most_correlated": {
          "pair": [
            "ETH-USD",
            "SOL-USD"
          ],
          "value": 0.9236811399459839
        }
      },
      "liquidity": {
        "by_asset": {
          "BTC-USD": 116.1087875366211,
          "ETH-USD": 655.2284545898438,
          "SOL-USD": 23240.310546875,
          "AVAX-USD": 79025.3203125
        },
        "total": 103036.96875
      },
      "flow": {
        "by_asset": {
          "BTC-USD": 35.38585662841797,
          "ETH-USD": 3.641092538833618,
          "SOL-USD": -704.8419189453125,
          "AVAX-USD": -0.007669494487345219
        },
        "net_divergence": -665.8226318359375
      },
      "price_changes_pct": {
        "BTC-USD": 0.0,
        "ETH-USD": 0.0,
        "SOL-USD": 0.0,
        "AVAX-USD": 0.0
      },
      "compression": {
        "shape": [
          4,
          64,
          2
        ],
        "num_assets": 4,
        "price_levels": 64,
        "compression_ratio": 0.9624060150375939,
        "ranks": [
          4,
          2
        ],
        "max_rank": 4,
        "num_cores": 3,
        "original_params": 512,
        "compressed_params": 532
      },
      "anomalies": [
        {
          "type": "correlation_spike",
          "pair": [
            "ETH-USD",
            "SOL-USD"
          ],
          "value": 0.9236811399459839
        },
        {
          "type": "extreme_imbalance",
          "asset": "BTC-USD",
          "imbalance": -0.5271836007496151
        },
        {
          "type": "mass_divergence",
          "direction": "outflow",
          "magnitude": 665.8226318359375
        },
        {
          "type": "complexity_spike",
          "compression_ratio": 0.9624060150375939
        }
      ],
      "anomaly_count": 4
    },
    {
      "timestamp": "2026-01-26T02:46:14.015264+00:00",
      "num_assets": 4,
      "assets": [
        "BTC-USD",
        "ETH-USD",
        "SOL-USD",
        "AVAX-USD"
      ],
      "assets_detail": {
        "BTC-USD": {
          "mid_price": 87519.355,
          "spread_bps": 0.586156056566534,
          "imbalance": -0.524515236290941
        },
        "ETH-USD": {
          "mid_price": 2865.5950000000003,
          "spread_bps": 0.03489676663926176,
          "imbalance": -0.1473672731450694
        },
        "SOL-USD": {
          "mid_price": 121.955,
          "spread_bps": 0.8199745807872498,
          "imbalance": -0.06439495561581768
        },
        "AVAX-USD": {
          "mid_price": 11.614999999999998,
          "spread_bps": 8.609556607834515,
          "imbalance": 0.14695909741944718
        }
      },
      "correlation": {
        "matrix": [
          [
            1.0,
            0.8593734502792358,
            0.8925073146820068,
            0.6899318099021912
          ],
          [
            0.8593734502792358,
            0.9999997615814209,
            0.923272967338562,
            0.7158970832824707
          ],
          [
            0.8925073146820068,
            0.923272967338562,
            0.9999997615814209,
            0.8764662146568298
          ],
          [
            0.6899318099021912,
            0.7158970832824707,
            0.8764662146568298,
            0.9999996423721313
          ]
        ],
        "mean_correlation": 0.8696810007095337,
        "max_off_diagonal": 0.923272967338562,
        "most_correlated": {
          "pair": [
            "ETH-USD",
            "SOL-USD"
          ],
          "value": 0.923272967338562
        }
      },
      "liquidity": {
        "by_asset": {
          "BTC-USD": 119.75194549560547,
          "ETH-USD": 652.88134765625,
          "SOL-USD": 23259.93359375,
          "AVAX-USD": 79026.1796875
        },
        "total": 103058.75
      },
      "flow": {
        "by_asset": {
          "BTC-USD": 3.5748956203460693,
          "ETH-USD": -2.303128719329834,
          "SOL-USD": 19.255367279052734,
          "AVAX-USD": 0.8432727456092834
        },
        "net_divergence": 21.370407104492188
      },
      "price_changes_pct": {
        "BTC-USD": -0.0029249817031679706,
        "ETH-USD": 0.0,
        "SOL-USD": 0.0,
        "AVAX-USD": 0.0
      },
      "compression": {
        "shape": [
          4,
          64,
          2
        ],
        "num_assets": 4,
        "price_levels": 64,
        "compression_ratio": 0.9624060150375939,
        "ranks": [
          4,
          2
        ],
        "max_rank": 4,
        "num_cores": 3,
        "original_params": 512,
        "compressed_params": 532
      },
      "anomalies": [
        {
          "type": "correlation_spike",
          "pair": [
            "ETH-USD",
            "SOL-USD"
          ],
          "value": 0.923272967338562
        },
        {
          "type": "extreme_imbalance",
          "asset": "BTC-USD",
          "imbalance": -0.524515236290941
        },
        {
          "type": "complexity_spike",
          "compression_ratio": 0.9624060150375939
        }
      ],
      "anomaly_count": 3
    },
    {
      "timestamp": "2026-01-26T02:46:15.031601+00:00",
      "num_assets": 4,
      "assets": [
        "BTC-USD",
        "ETH-USD",
        "SOL-USD",
        "AVAX-USD"
      ],
      "assets_detail": {
        "BTC-USD": {
          "mid_price": 87521.91500000001,
          "spread_bps": 0.0011425709771959755,
          "imbalance": -0.5546934216266626
        },
        "ETH-USD": {
          "mid_price": 2865.5950000000003,
          "spread_bps": 0.03489676663926176,
          "imbalance": -0.14610889935052965
        },
        "SOL-USD": {
          "mid_price": 121.955,
          "spread_bps": 0.8199745807872498,
          "imbalance": -0.06702964208658177
        },
        "AVAX-USD": {
          "mid_price": 11.614999999999998,
          "spread_bps": 8.609556607834515,
          "imbalance": 0.15700151294125841
        }
      },
      "correlation": {
        "matrix": [
          [
