{
  "assets": [
    "BTC-USD",
    "ETH-USD",
    "SOL-USD",
    "AVAX-USD",
    "LINK-USD",
    "AAVE-USD",
    "DOGE-USD",
    "XRP-USD"
  ],
  "duration": 93.11325216293335,
  "updates_by_asset": {
    "BTC-USD": 30688,
    "ETH-USD": 27460,
    "SOL-USD": 9243,
    "AVAX-USD": 2021,
    "LINK-USD": 4898,
    "AAVE-USD": 3273,
    "DOGE-USD": 6348,
    "XRP-USD": 10645
  },
  "total_updates": 94576,
  "analyses_run": 297,
  "frames_collected": 100,
  "findings": [
    {
      "timestamp": "2026-01-26T02:52:51.198515+00:00",
      "num_assets": 8,
      "assets": [
        "BTC-USD",
        "ETH-USD",
        "SOL-USD",
        "AVAX-USD",
        "LINK-USD",
        "AAVE-USD",
        "DOGE-USD",
        "XRP-USD"
      ],
      "assets_detail": {
        "BTC-USD": {
          "mid_price": 87500.495,
          "spread_bps": 0.0011428506769888915,
          "imbalance": -0.4481369510668327
        },
        "ETH-USD": {
          "mid_price": 2867.5550000000003,
          "spread_bps": 0.03487291438093962,
          "imbalance": -0.3264336919074957
        },
        "SOL-USD": {
          "mid_price": 122.035,
          "spread_bps": 0.8194370467493027,
          "imbalance": -0.014219879564091393
        },
        "AVAX-USD": {
          "mid_price": 11.625,
          "spread_bps": 8.602150537635753,
          "imbalance": 0.1297048473391461
        },
        "LINK-USD": {
          "mid_price": 11.7405,
          "spread_bps": 0.851752480728628,
          "imbalance": -0.16493891932720584
        },
        "AAVE-USD": {
          "mid_price": 150.745,
          "spread_bps": 3.3168595973339987,
          "imbalance": 0.031216237126326637
        },
        "DOGE-USD": {
          "mid_price": 0.121835,
          "spread_bps": 0.8207822054426069,
          "imbalance": -0.04088169413345366
        },
        "XRP-USD": {
          "mid_price": 1.87615,
          "spread_bps": 0.5330064227273351,
          "imbalance": -0.08160500712715432
        }
      },
      "correlation": {
        "matrix": [
          [
            0.9999924302101135,
            0.9686400294303894,
            0.44782835245132446,
            0.14483480155467987,
            0.38052502274513245,
            0.1995011568069458,
            0.36418724060058594,
            0.5941649079322815
          ],
          [
            0.9686400294303894,
            0.9998406171798706,
            0.5445648431777954,
            0.21206268668174744,
            0.42847511172294617,
            0.26603975892066956,
            0.42148280143737793,
            0.7010988593101501
          ],
          [
            0.44782835245132446,
            0.5445648431777954,
            1.000057578086853,
            0.8428029417991638,
            0.9548132419586182,
            0.9012285470962524,
            0.9541434049606323,
            0.9264062643051147
          ],
          [
            0.14483480155467987,
            0.21206268668174744,
            0.8428029417991638,
            0.9998837113380432,
            0.85936439037323,
            0.8464180827140808,
            0.8469306230545044,
            0.708134651184082
          ],
          [
            0.38052502274513245,
            0.42847511172294617,
            0.9548132419586182,
            0.85936439037323,
            1.0002710819244385,
            0.8873218894004822,
            0.9398564696311951,
            0.866692841053009
          ],
          [
            0.1995011568069458,
            0.26603975892066956,
            0.9012285470962524,
            0.8464180827140808,
            0.8873218894004822,
            0.9999489188194275,
            0.9642806053161621,
            0.6808815598487854
          ],
          [
            0.36418724060058594,
            0.42148280143737793,
            0.9541434049606323,
            0.8469306230545044,
            0.9398564696311951,
            0.9642806053161621,
            1.0002005100250244,
            0.7930054068565369
          ],
          [
            0.5941649079322815,
            0.7010988593101501,
            0.9264062643051147,
            0.708134651184082,
            0.866692841053009,
            0.6808815598487854,
            0.7930054068565369,
            0.9998472332954407
          ]
        ],
        "mean_correlation": 0.7076783776283264,
        "max_off_diagonal": 0.9686400294303894,
        "most_correlated": {
          "pair": [
            "BTC-USD",
            "ETH-USD"
          ],
          "value": 0.9686400294303894
        }
      },
      "liquidity": {
        "by_asset": {
          "BTC-USD": 6.910104751586914,
          "ETH-USD": 176.30789184570312,
          "SOL-USD": 20645.54296875,
          "AVAX-USD": 76626.5234375,
          "LINK-USD": 81354.046875,
          "AAVE-USD": 2502.39111328125,
          "DOGE-USD": 11075042.0,
          "XRP-USD": 1090525.5
        },
        "total": 12346880.0
      },
      "compression": {
        "shape": [
          8,
          128,
          2
        ],
        "num_assets": 8,
        "price_levels": 128,
        "compression_ratio": 1.5468277945619335,
        "ranks": [
          5,
          2
        ],
        "max_rank": 5,
        "num_cores": 3,
        "original_params": 2048,
        "compressed_params": 1324,
        "device": "cuda"
      },
      "anomalies": [
        {
          "type": "correlation_spike",
          "pair": [
            "BTC-USD",
            "ETH-USD"
          ],
          "value": 0.9686400294303894
        },
        {
          "type": "extreme_imbalance",
          "asset": "BTC-USD",
          "imbalance": -0.4481369510668327
        },
        {
          "type": "complexity_spike",
          "compression_ratio": 1.5468277945619335
        }
      ],
      "anomaly_count": 3
    },
    {
      "timestamp": "2026-01-26T02:52:51.610914+00:00",
      "num_assets": 8,
      "assets": [
        "BTC-USD",
        "ETH-USD",
        "SOL-USD",
        "AVAX-USD",
        "LINK-USD",
        "AAVE-USD",
        "DOGE-USD",
        "XRP-USD"
      ],
      "assets_detail": {
        "BTC-USD": {
          "mid_price": 87500.495,
          "spread_bps": 0.0011428506769888915,
          "imbalance": -0.4481369510668327
        },
        "ETH-USD": {
          "mid_price": 2867.5550000000003,
          "spread_bps": 0.03487291438093962,
          "imbalance": -0.326426201387913
        },
        "SOL-USD": {
          "mid_price": 122.035,
          "spread_bps": 0.8194370467493027,
          "imbalance": -0.014219879564091393
        },
        "AVAX-USD": {
          "mid_price": 11.625,
          "spread_bps": 8.602150537635753,
          "imbalance": 0.1297048473391461
        },
        "LINK-USD": {
          "mid_price": 11.7405,
          "spread_bps": 0.851752480728628,
          "imbalance": -0.16493891932720584
        },
        "AAVE-USD": {
          "mid_price": 150.745,
          "spread_bps": 3.3168595973339987,
          "imbalance": 0.031216237126326637
        },
        "DOGE-USD": {
          "mid_price": 0.121835,
          "spread_bps": 0.8207822054426069,
          "imbalance": -0.04088169413345366
        },
        "XRP-USD": {
          "mid_price": 1.87615,
          "spread_bps": 0.5330064227273351,
          "imbalance": -0.08160500712715432
        }
      },
      "correlation": {
        "matrix": [
          [
            0.9999924302101135,
            0.9686400294303894,
            0.44782835245132446,
            0.14483480155467987,
            0.38052502274513245,
            0.1995011568069458,
            0.36418724060058594,
            0.5941649079322815
          ],
          [
            0.9686400294303894,
            0.9998406171798706,
            0.544564962387085,
            0.2120627611875534,
            0.42847517132759094,
            0.26603981852531433,
            0.4214828312397003,
            0.7010989189147949
          ],
          [
            0.44782835245132446,
            0.544564962387085,
            1.000057578086853,
            0.8428029417991638,
            0.9548132419586182,
            0.9012285470962524,
            0.9541434049606323,
            0.9264062643051147
          ],
          [
            0.14483480155467987,
            0.2120627611875534,
            0.8428029417991638,
            0.9998837113380432,
            0.85936439037323,
            0.8464180827140808,
            0.8469306230545044,
            0.708134651184082
          ],
          [
            0.38052502274513245,
            0.42847517132759094,
            0.9548132419586182,
            0.85936439037323,
            1.0002710819244385,
            0.8873218894004822,
            0.9398564696311951,
            0.866692841053009
          ],
          [
            0.1995011568069458,
            0.26603981852531433,
            0.9012285470962524,
            0.8464180827140808,
            0.8873218894004822,
            0.9999489188194275,
            0.9642806053161621,
            0.6808815598487854
          ],
          [
            0.36418724060058594,
            0.4214828312397003,
            0.9541434049606323,
            0.8469306230545044,
            0.9398564696311951,
            0.9642806053161621,
            1.0002005100250244,
            0.7930054068565369
          ],
          [
            0.5941649079322815,
            0.7010989189147949,
            0.9264062643051147,
            0.708134651184082,
            0.866692841053009,
            0.6808815598487854,
            0.7930054068565369,
            0.9998472332954407
          ]
        ],
        "mean_correlation": 0.7076784372329712,
        "max_off_diagonal": 0.9686400294303894,
        "most_correlated": {
          "pair": [
            "BTC-USD",
            "ETH-USD"
          ],
          "value": 0.9686400294303894
        }
      },
      "liquidity": {
        "by_asset": {
          "BTC-USD": 6.910104751586914,
          "ETH-USD": 176.3088836669922,
          "SOL-USD": 20645.54296875,
          "AVAX-USD": 76626.5234375,
          "LINK-USD": 81354.046875,
          "AAVE-USD": 2502.39111328125,
          "DOGE-USD": 11075042.0,
          "XRP-USD": 1090525.5
        },
        "total": 12346880.0
      },
      "flow": {
        "by_asset": {
          "BTC-USD": 0.0,
          "ETH-USD": 0.002405004110187292,
          "SOL-USD": 0.0,
          "AVAX-USD": 0.0,
          "LINK-USD": 0.0,
          "AAVE-USD": 0.0,
          "DOGE-USD": 0.0,
          "XRP-USD": 0.0
        },
        "net_divergence": 0.002405004110187292
      },
      "price_changes_pct": {
        "BTC-USD": 0.0,
        "ETH-USD": 0.0,
        "SOL-USD": 0.0,
        "AVAX-USD": 0.0,
        "LINK-USD": 0.0,
        "AAVE-USD": 0.0,
        "DOGE-USD": 0.0,
        "XRP-USD": 0.0
      },
      "compression": {
        "shape": [
          8,
          128,
          2
        ],
        "num_assets": 8,
        "price_levels": 128,
        "compression_ratio": 1.5468277945619335,
        "ranks": [
          5,
          2
        ],
        "max_rank": 5,
        "num_cores": 3,
        "original_params": 2048,
        "compressed_params": 1324,
        "device": "cuda"
      },
      "anomalies": [
        {
          "type": "correlation_spike",
          "pair": [
            "BTC-USD",
            "ETH-USD"
          ],
          "value": 0.9686400294303894
        },
        {
          "type": "extreme_imbalance",
          "asset": "BTC-USD",
          "imbalance": -0.4481369510668327
        },
        {
          "type": "complexity_spike",
          "compression_ratio": 1.5468277945619335
        }
      ],
      "anomaly_count": 3
    },
    {
      "timestamp": "2026-01-26T02:52:51.951879+00:00",
      "num_assets": 8,
      "assets": [
        "BTC-USD",
        "ETH-USD",
        "SOL-USD",
        "AVAX-USD",
        "LINK-USD",
        "AAVE-USD",
        "DOGE-USD",
        "XRP-USD"
      ],
      "assets_detail": {
        "BTC-USD": {
          "mid_price": 87500.495,
          "spread_bps": 0.0011428506769888915,
          "imbalance": 0.08593568504281812
        },
        "ETH-USD": {
          "mid_price": 2867.5550000000003,
          "spread_bps": 0.03487291438093962,
          "imbalance": -0.5165907038596335
        },
        "SOL-USD": {
          "mid_price": 122.03,
          "spread_bps": 1.6389412439572426,
          "imbalance": -0.027851854220606057
        },
        "AVAX-USD": {
          "mid_price": 11.625,
          "spread_bps": 8.602150537635753,
          "imbalance": 0.1297048473391461
        },
        "LINK-USD": {
          "mid_price": 11.7405,
          "spread_bps": 0.851752480728628,
          "imbalance": -0.167544094119848
        },
        "AAVE-USD": {
          "mid_price": 150.745,
          "spread_bps": 3.3168595973339987,
          "imbalance": 0.03476984177365077
        },
        "DOGE-USD": {
          "mid_price": 0.121835,
          "spread_bps": 0.8207822054426069,
          "imbalance": -0.056589571007430055
        },
        "XRP-USD": {
          "mid_price": 1.87615,
          "spread_bps": 0.5330064227273351,
          "imbalance": -0.08769379895622786
        }
      },
      "correlation": {
        "matrix": [
          [
            1.0000666379928589,
            0.8507051467895508,
            0.637687623500824,
            0.37193042039871216,
            0.49223774671554565,
            0.34063994884490967,
            0.5011965036392212,
            0.7821028828620911
          ],
          [
            0.8507051467895508,
            1.0000488758087158,
            0.6137887835502625,
            0.26946741342544556,
            0.5334689617156982,
            0.3274521827697754,
            0.5285305976867676,
            0.7662398815155029
          ],
          [
            0.637687623500824,
            0.6137887835502625,
            0.9999204874038696,
            0.8393664360046387,
            0.9549071192741394,
            0.897983193397522,
            0.9557051658630371,
            0.9281021356582642
          ],
          [
            0.37193042039871216,
            0.26946741342544556,
            0.8393664360046387,
            0.9998837113380432,
            0.857761025428772,
            0.8453441262245178,
            0.8387531042098999,
            0.7096590995788574
          ],
          [
            0.49223774671554565,
            0.5334689617156982,
            0.9549071192741394,
            0.857761025428772,
            0.999992311000824,
            0.8841304183006287,
            0.9411580562591553,
            0.8712813854217529
          ],
          [
            0.34063994884490967,
            0.3274521827697754,
            0.897983193397522,
            0.8453441262245178,
            0.8841304183006287,
            1.0000344514846802,
            0.9555443525314331,
            0.6786419153213501
          ],
          [
            0.5011965036392212,
            0.5285305976867676,
            0.9557051658630371,
            0.8387531042098999,
            0.9411580562591553,
            0.9555443525314331,
            0.9998784065246582,
            0.8074071407318115
          ],
          [
            0.7821028828620911,
            0.7662398815155029,
            0.9281021356582642,
            0.7096590995788574,
            0.8712813854217529,
            0.6786419153213501,
            0.8074071407318115,
            0.999985933303833
          ]
        ],
        "mean_correlation": 0.7494093179702759,
        "max_off_diagonal": 0.9557051658630371,
        "most_correlated": {
          "pair": [
            "SOL-USD",
            "DOGE-USD"
          ],
          "value": 0.9557051658630371
        }
      },
      "liquidity": {
        "by_asset": {
          "BTC-USD": 12.631392478942871,
          "ETH-USD": 225.59078979492188,
          "SOL-USD": 20521.8046875,
          "AVAX-USD": 76626.5234375,
          "LINK-USD": 81516.40625,
          "AAVE-USD": 2484.48095703125,
          "DOGE-USD": 11293458.0,
          "XRP-USD": 1075881.375
        },
        "total": 12550726.0
      },
      "flow": {
        "by_asset": {
          "BTC-USD": 16.779691696166992,
          "ETH-USD": 144.53656005859375,
          "SOL-USD": -362.9060974121094,
          "AVAX-USD": 0.0,
          "LINK-USD": 476.1760559082031,
          "AAVE-USD": -52.5278434753418,
          "DOGE-USD": 640581.875,
          "XRP-USD": -42949.0546875
        },
        "net_divergence": 597854.875
      },
      "price_changes_pct": {
        "BTC-USD": 0.0,
        "ETH-USD": 0.0,
        "SOL-USD": -0.0040971852337406914,
        "AVAX-USD": 0.0,
        "LINK-USD": 0.0,
        "AAVE-USD": 0.0,
        "DOGE-USD": 0.0,
        "XRP-USD": 0.0
      },
      "compression": {
        "shape": [
          8,
          128,
          2
        ],
        "num_assets": 8,
        "price_levels": 128,
        "compression_ratio": 1.5468277945619335,
        "ranks": [
          5,
          2
        ],
        "max_rank": 5,
        "num_cores": 3,
        "original_params": 2048,
        "compressed_params": 1324,
        "device": "cuda"
      },
      "anomalies": [
        {
          "type": "correlation_spike",
          "pair": [
            "SOL-USD",
            "DOGE-USD"
          ],
          "value": 0.9557051658630371
        },
        {
          "type": "extreme_imbalance",
          "asset": "ETH-USD",
          "imbalance": -0.5165907038596335
        },
        {
          "type": "mass_divergence",
          "direction": "inflow",
          "magnitude": 597854.875
        },
        {
          "type": "complexity_spike",
          "compression_ratio": 1.5468277945619335
        }
      ],
      "anomaly_count": 4
    },
    {
      "timestamp": "2026-01-26T02:52:52.292706+00:00",
      "num_assets": 8,
      "assets": [
        "BTC-USD",
        "ETH-USD",
        "SOL-USD",
        "AVAX-USD",
        "LINK-USD",
        "AAVE-USD",
        "DOGE-USD",
        "XRP-USD"
      ],
      "assets_detail": {
        "BTC-USD": {
          "mid_price": 87505.985,
          "spread_bps": 0.0011427789778394272,
          "imbalance": 0.19232068633401295
        },
        "ETH-USD": {
          "mid_price": 2867.5550000000003,
          "spread_bps": 0.03487291438093962,
          "imbalance": -0.5781985803309494
        },
        "SOL-USD": {
          "mid_price": 122.03,
          "spread_bps": 1.6389412439572426,
          "imbalance": -0.027851854220606057
        },
        "AVAX-USD": {
          "mid_price": 11.625,
          "spread_bps": 8.602150537635753,
          "imbalance": 0.13361729011661436
        },
        "LINK-USD": {
          "mid_price": 11.7405,
          "spread_bps": 0.851752480728628,
          "imbalance": -0.17143847051803307
        },
        "AAVE-USD": {
          "mid_price": 150.745,
          "spread_bps": 3.3168595973339987,
          "imbalance": 0.03372484494873974
        },
        "DOGE-USD": {
          "mid_price": 0.121835,
          "spread_bps": 0.8207822054426069,
          "imbalance": -0.05616597866631209
        },
        "XRP-USD": {
          "mid_price": 1.87615,
          "spread_bps": 0.5330064227273351,
          "imbalance": -0.1078509796584235
        }
      },
      "correlation": {
        "matrix": [
          [
            1.0000008344650269,
            0.7444561123847961,
            0.6139919757843018,
            0.3601292371749878,
            0.4361436367034912,
            0.3206782639026642,
            0.45570555329322815,
            0.7430098652839661
          ],
          [
            0.7444561123847961,
            0.9997459053993225,
            0.6133811473846436,
            0.2829824984073639,
            0.5500368475914001,
            0.33059388399124146,
            0.5286381244659424,
            0.7776207327842712
          ],
          [
            0.6139919757843018,
            0.6133811473846436,
            0.9999204874038696,
            0.8435046076774597,
            0.9552004337310791,
            0.8923993110656738,
            0.9553102254867554,
            0.9249106049537659
          ],
          [
            0.3601292371749878,
            0.2829824984073639,
            0.8435046076774597,
            1.0000903606414795,
            0.8603273630142212,
            0.8389626145362854,
            0.8449264764785767,
            0.7065013647079468
          ],
          [
            0.4361436367034912,
            0.5500368475914001,
            0.9552004337310791,
            0.8603273630142212,
            1.0003528594970703,
            0.8740229606628418,
            0.941216230392456,
            0.8719756007194519
          ],
          [
            0.3206782639026642,
            0.33059388399124146,
            0.8923993110656738,
            0.8389626145362854,
            0.8740229606628418,
            0.9998005032539368,
            0.9574989676475525,
            0.6641960144042969
          ],
          [
            0.45570555329322815,
            0.5286381244659424,
            0.9553102254867554,
            0.8449264764785767,
            0.941216230392456,
            0.9574989676475525,
            1.0000462532043457,
            0.803439199924469
          ],
          [
            0.7430098652839661,
            0.7776207327842712,
            0.9249106049537659,
            0.7065013647079468,
            0.8719756007194519,
            0.6641960144042969,
            0.803439199924469,
            0.9999721050262451
          ]
        ],
        "mean_correlation": 0.7403663992881775,
        "max_off_diagonal": 0.9574989676475525,
        "most_correlated": {
          "pair": [
            "AAVE-USD",
            "DOGE-USD"
          ],
          "value": 0.9574989676475525
        }
      },
      "liquidity": {
        "by_asset": {
          "BTC-USD": 17.011716842651367,
          "ETH-USD": 259.9967346191406,
          "SOL-USD": 20521.8046875,
          "AVAX-USD": 76248.5859375,
          "LINK-USD": 81886.59375,
          "AAVE-USD": 2481.7939453125,
          "DOGE-USD": 11288390.0,
          "XRP-USD": 1097329.25
        },
        "total": 12567135.0
      },
      "flow": {
        "by_asset": {
          "BTC-USD": 12.852046966552734,
          "ETH-USD": 100.94841766357422,
          "SOL-USD": 0.0,
          "AVAX-USD": -1108.8836669921875,
          "LINK-USD": 1086.1448974609375,
          "AAVE-USD": -7.8837995529174805,
          "DOGE-USD": -14869.71484375,
          "XRP-USD": 62928.921875
        },
        "net_divergence": 48142.3828125
      },
      "price_changes_pct": {
        "BTC-USD": 0.006274250219961886,
        "ETH-USD": 0.0,
        "SOL-USD": 0.0,
        "AVAX-USD": 0.0,
        "LINK-USD": 0.0,
        "AAVE-USD": 0.0,
        "DOGE-USD": 0.0,
        "XRP-USD": 0.0
      },
      "compression": {
        "shape": [
          8,
          128,
          2
        ],
        "num_assets": 8,
        "price_levels": 128,
        "compression_ratio": 1.5468277945619335,
        "ranks": [
          5,
          2
        ],
        "max_rank": 5,
        "num_cores": 3,
        "original_params": 2048,
        "compressed_params": 1324,
        "device": "cuda"
      },
      "anomalies": [
        {
          "type": "correlation_spike",
          "pair": [
            "AAVE-USD",
            "DOGE-USD"
          ],
          "value": 0.9574989676475525
        },
        {
          "type": "extreme_imbalance",
          "asset": "ETH-USD",
          "imbalance": -0.5781985803309494
        },
        {
          "type": "mass_divergence",
          "direction": "inflow",
          "magnitude": 48142.3828125
        },
        {
          "type": "complexity_spike",
          "compression_ratio": 1.5468277945619335
        }
      ],
      "anomaly_count": 4
    },
    {
      "timestamp": "2026-01-26T02:52:52.594477+00:00",
      "num_assets": 8,
      "assets": [
        "BTC-USD",
        "ETH-USD",
        "SOL-USD",
        "AVAX-USD",
        "LINK-USD",
        "AAVE-USD",
        "DOGE-USD",
        "XRP-USD"
      ],
      "assets_detail": {
        "BTC-USD": {
          "mid_price": 87510.13500000001,
          "spread_bps": 0.001142724782079391,
          "imbalance": 0.08786648815180256
        },
        "ETH-USD": {
          "mid_price": 2867.5550000000003,
          "spread_bps": 0.03487291438093962,
          "imbalance": -0.5868223910689511
        },
        "SOL-USD": {
          "mid_price": 122.035,
          "spread_bps": 0.8194370467493027,
          "imbalance": -0.025440315511360563
        },
        "AVAX-USD": {
          "mid_price": 11.625,
          "spread_bps": 8.602150537635753,
          "imbalance": 0.13361729011661436
        },
        "LINK-USD": {
          "mid_price": 11.7405,
          "spread_bps": 0.851752480728628,
          "imbalance": -0.12922934493136157
        },
        "AAVE-USD": {
          "mid_price": 150.745,
          "spread_bps": 3.3168595973339987,
          "imbalance": 0.034783025680649074
        },
        "DOGE-USD": {
          "mid_price": 0.12184,
          "spread_bps": 1.641497045305821,
          "imbalance": -0.028122526659764814
        },
        "XRP-USD": {
          "mid_price": 1.87615,
          "spread_bps": 0.5330064227273351,
          "imbalance": -0.07096939610116144
        }
      },
      "correlation": {
        "matrix": [
          [
            0.9997961521148682,
            0.8128594756126404,
            0.6470385193824768,
            0.3630746603012085,
            0.4567317068576813,
            0.3387157917022705,
            0.46391263604164124,
            0.7771154642105103
          ],
          [
            0.8128594756126404,
            0.99986332654953,
            0.6174046397209167,
            0.2798004448413849,
            0.5123434066772461,
            0.3311874270439148,
            0.49172836542129517,
            0.7489554286003113
          ],
          [
            0.6470385193824768,
            0.6174046397209167,
            0.9999692440032959,
            0.8415412902832031,
            0.951006293296814,
            0.8913557529449463,
            0.9519375562667847,
            0.9306947588920593
          ],
          [
            0.3630746603012085,
            0.2798004448413849,
            0.8415412902832031,
            1.0000407695770264,
            0.8744238018989563,
            0.8392244577407837,
            0.8503246903419495,
            0.7166906595230103
          ],
          [
            0.4567317068576813,
            0.5123434066772461,
            0.951006293296814,
            0.8744238018989563,
            0.9999102354049683,
            0.8838814496994019,
            0.9361602663993835,
            0.8598728775978088
          ],
          [
            0.3387157917022705,
            0.3311874270439148,
            0.8913557529449463,
            0.8392244577407837,
            0.8838814496994019,
            1.0000758171081543,
            0.963481068611145,
            0.6732621788978577
          ],
          [
            0.46391263604164124,
            0.49172836542129517,
            0.9519375562667847,
            0.8503246903419495,
            0.9361602663993835,
            0.963481068611145,
            1.0000240802764893,
            0.7931509017944336
          ],
          [
            0.7771154642105103,
            0.7489554286003113,
            0.9306947588920593,
            0.7166906595230103,
            0.8598728775978088,
            0.6732621788978577,
            0.7931509017944336,
            1.0000035762786865
          ]
        ],
        "mean_correlation": 0.743678629398346,
        "max_off_diagonal": 0.963481068611145,
        "most_correlated": {
          "pair": [
            "AAVE-USD",
            "DOGE-USD"
          ],
          "value": 0.963481068611145
        }
      },
      "liquidity": {
        "by_asset": {
          "BTC-USD": 18.701499938964844,
          "ETH-USD": 253.10009765625,
          "SOL-USD": 20704.98046875,
          "AVAX-USD": 76248.5859375,
          "LINK-USD": 80733.0078125,
          "AAVE-USD": 2484.51513671875,
          "DOGE-USD": 10992220.0,
          "XRP-USD": 1077436.25
        },
        "total": 12250099.0
      },
      "flow": {
        "by_asset": {
          "BTC-USD": 5.599554538726807,
          "ETH-USD": -22.8538761138916,
          "SOL-USD": 607.0026245117188,
          "AVAX-USD": 0.0,
          "LINK-USD": -3822.719970703125,
          "AAVE-USD": 9.01740550994873,
          "DOGE-USD": -981439.625,
          "XRP-USD": -65920.8515625
        },
        "net_divergence": -1050584.375
      },
      "price_changes_pct": {
        "BTC-USD": 0.004742532753626774,
        "ETH-USD": 0.0,
        "SOL-USD": 0.004097353109887284,
        "AVAX-USD": 0.0,
        "LINK-USD": 0.0,
        "AAVE-USD": 0.0,
        "DOGE-USD": 0.004103911027213035,
        "XRP-USD": 0.0
      },
      "compression": {
        "shape": [
          8,
          128,
          2
        ],
        "num_assets": 8,
        "price_levels": 128,
        "compression_ratio": 1.5468277945619335,
        "ranks": [
          5,
          2
        ],
        "max_rank": 5,
        "num_cores": 3,
        "original_params": 2048,
        "compressed_params": 1324,
        "device": "cuda"
      },
      "anomalies": [
        {
          "type": "correlation_spike",
          "pair": [
            "AAVE-USD",
            "DOGE-USD"
          ],
          "value": 0.963481068611145
        },
        {
          "type": "extreme_imbalance",
          "asset": "ETH-USD",
          "imbalance": -0.5868223910689511
        },
        {
          "type": "mass_divergence",
          "direction": "outflow",
          "magnitude": 1050584.375
        },
        {
          "type": "complexity_spike",
          "compression_ratio": 1.5468277945619335
        }
      ],
      "anomaly_count": 4
    },
    {
      "timestamp": "2026-01-26T02:52:52.906686+00:00",
      "num_assets": 8,
      "assets": [
        "BTC-USD",
        "ETH-USD",
        "SOL-USD",
        "AVAX-USD",
        "LINK-USD",
        "AAVE-USD",
        "DOGE-USD",
        "XRP-USD"
      ],
      "assets_detail": {
        "BTC-USD": {
          "mid_price": 87510.13500000001,
          "spread_bps": 0.001142724782079391,
          "imbalance": -0.01835671466825366
        },
        "ETH-USD": {
          "mid_price": 2867.5550000000003,
          "spread_bps": 0.03487291438093962,
          "imbalance": -0.5989280106316244
        },
        "SOL-USD": {
          "mid_price": 122.035,
          "spread_bps": 0.8194370467493027,
          "imbalance": -0.013914080777180435
        },
        "AVAX-USD": {
          "mid_price": 11.625,
          "spread_bps": 8.602150537635753,
          "imbalance": 0.13361729011661436
        },
        "LINK-USD": {
          "mid_price": 11.7405,
          "spread_bps": 0.851752480728628,
          "imbalance": -0.12922934493136157
        },
        "AAVE-USD": {
          "mid_price": 150.745,
          "spread_bps": 3.3168595973339987,
          "imbalance": 0.034783025680649074
        },
        "DOGE-USD": {
          "mid_price": 0.12184,
          "spread_bps": 1.641497045305821,
          "imbalance": -0.036950461876825234
        },
        "XRP-USD": {
          "mid_price": 1.87615,
          "spread_bps": 0.5330064227273351,
          "imbalance": -0.07296200042208761
        }
      },
      "correlation": {
        "matrix": [
          [
            1.0000464916229248,
            0.8529120087623596,
            0.6591963768005371,
            0.3562397062778473,
            0.4685741364955902,
            0.3364822268486023,
            0.47421184182167053,
            0.7819784283638
          ],
          [
            0.8529120087623596,
            0.9999105930328369,
            0.6172444820404053,
            0.279888391494751,
            0.5128604173660278,
            0.3307254910469055,
            0.5023699998855591,
            0.7497139573097229
          ],
          [
            0.6591963768005371,
            0.6172444820404053,
            0.9999313354492188,
            0.8397968411445618,
            0.9461108446121216,
            0.8858264088630676,
            0.9466290473937988,
            0.9341168403625488
          ],
          [
            0.3562397062778473,
            0.279888391494751,
            0.8397968411445618,
            1.0000903606414795,
            0.8744589686393738,
            0.8392566442489624,
            0.8488879799842834,
            0.7157595157623291
          ],
          [
            0.4685741364955902,
            0.5128604173660278,
            0.9461108446121216,
            0.8744589686393738,
            0.9999102354049683,
            0.8838814496994019,
            0.9392557144165039,
            0.8595560193061829
          ],
          [
            0.3364822268486023,
            0.3307254910469055,
            0.8858264088630676,
            0.8392566442489624,
            0.8838814496994019,
            1.0000758171081543,
            0.9619947075843811,
            0.6726195812225342
          ],
          [
            0.47421184182167053,
            0.5023699998855591,
            0.9466290473937988,
            0.8488879799842834,
            0.9392557144165039,
            0.9619947075843811,
            0.9999910593032837,
            0.7941756844520569
          ],
          [
            0.7819784283638,
            0.7497139573097229,
            0.9341168403625488,
            0.7157595157623291,
            0.8595560193061829,
            0.6726195812225342,
            0.7941756844520569,
            1.0000932216644287
          ]
        ],
        "mean_correlation": 0.7457733750343323,
        "max_off_diagonal": 0.9619947075843811,
        "most_correlated": {
          "pair": [
            "AAVE-USD",
            "DOGE-USD"
          ],
          "value": 0.9619947075843811
        }
      },
      "liquidity": {
        "by_asset": {
          "BTC-USD": 20.691265106201172,
          "ETH-USD": 253.07635498046875,
          "SOL-USD": 21067.140625,
          "AVAX-USD": 76248.5859375,
          "LINK-USD": 80733.0078125,
          "AAVE-USD": 2484.51513671875,
          "DOGE-USD": 11080930.0,
          "XRP-USD": 1079752.0
        },
        "total": 12341489.0
      },
      "flow": {
        "by_asset": {
          "BTC-USD": 6.373183250427246,
          "ETH-USD": -0.0760473757982254,
          "SOL-USD": 1159.99267578125,
          "AVAX-USD": 0.0,
          "LINK-USD": 0.0,
          "AAVE-USD": 0.0,
          "DOGE-USD": 284136.59375,
          "XRP-USD": 7417.306640625
        },
        "net_divergence": 292720.1875
      },
      "price_changes_pct": {
        "BTC-USD": 0.0,
        "ETH-USD": 0.0,
        "SOL-USD": 0.0,
        "AVAX-USD": 0.0,
        "LINK-USD": 0.0,
        "AAVE-USD": 0.0,
        "DOGE-USD": 0.0,
        "XRP-USD": 0.0
      },
      "compression": {
        "shape": [
          8,
          128,
          2
        ],
        "num_assets": 8,
        "price_levels": 128,
        "compression_ratio": 1.5468277945619335,
        "ranks": [
          5,
          2
        ],
        "max_rank": 5,
        "num_cores": 3,
        "original_params": 2048,
        "compressed_params": 1324,
        "device": "cuda"
      },
      "anomalies": [
        {
          "type": "correlation_spike",
          "pair": [
            "AAVE-USD",
            "DOGE-USD"
          ],
          "value": 0.9619947075843811
        },
        {
          "type": "extreme_imbalance",
          "asset": "ETH-USD",
          "imbalance": -0.5989280106316244
        },
        {
          "type": "mass_divergence",
          "direction": "inflow",
          "magnitude": 292720.1875
        },
        {
          "type": "complexity_spike",
          "compression_ratio": 1.5468277945619335
        }
      ],
      "anomaly_count": 4
    },
    {
      "timestamp": "2026-01-26T02:52:53.246937+00:00",
      "num_assets": 8,
      "assets": [
        "BTC-USD",
        "ETH-USD",
        "SOL-USD",
        "AVAX-USD",
        "LINK-USD",
        "AAVE-USD",
        "DOGE-USD",
        "XRP-USD"
      ],
      "assets_detail": {
        "BTC-USD": {
          "mid_price": 87510.13500000001,
          "spread_bps": 0.001142724782079391,
          "imbalance": -0.006311522089731943
        },
        "ETH-USD": {
          "mid_price": 2867.5550000000003,
          "spread_bps": 0.03487291438093962,
          "imbalance": -0.6004433697200018
        },
        "SOL-USD": {
          "mid_price": 122.035,
          "spread_bps": 0.8194370467493027,
          "imbalance": -0.00461029629088718
        },
        "AVAX-USD": {
          "mid_price": 11.625,
          "spread_bps": 8.602150537635753,
          "imbalance": 0.13361729011661436
        },
        "LINK-USD": {
          "mid_price": 11.7405,
          "spread_bps": 0.851752480728628,
          "imbalance": -0.1268750152999655
        },
        "AAVE-USD": {
          "mid_price": 150.745,
          "spread_bps": 3.3168595973339987,
          "imbalance": 0.034783025680649074
        },
        "DOGE-USD": {
          "mid_price": 0.121835,
          "spread_bps": 0.8207822054426069,
          "imbalance": -0.040977729165455196
        },
        "XRP-USD": {
          "mid_price": 1.87615,
          "spread_bps": 0.5330064227273351,
          "imbalance": -0.07340990767835444
        }
      },
      "correlation": {
        "matrix": [
          [
            1.0000648498535156,
            0.8535681962966919,
            0.6491100788116455,
            0.35745877027511597,
            0.46890655159950256,
            0.3362652659416199,
            0.4674658179283142,
            0.7830942869186401
          ],
          [
            0.8535681962966919,
            1.0002487897872925,
            0.5986794233322144,
            0.2748427093029022,
            0.5073297619819641,
            0.3251497447490692,
            0.48878827691078186,
            0.7442957162857056
          ],
          [
            0.6491100788116455,
            0.5986794233322144,
            0.9999950528144836,
            0.8429986834526062,
            0.9470127820968628,
            0.8908672332763672,
            0.9489501714706421,
            0.9304460287094116
          ],
          [
            0.35745877027511597,
            0.2748427093029022,
            0.8429986834526062,
            1.0000903606414795,
            0.8747971653938293,
            0.8392566442489624,
            0.8516710996627808,
            0.7154492139816284
          ],
          [
            0.46890655159950256,
            0.5073297619819641,
            0.9470127820968628,
            0.8747971653938293,
            0.9999599456787109,
            0.8840689659118652,
            0.9417896866798401,
            0.8597828149795532
          ],
          [
            0.3362652659416199,
            0.3251497447490692,
            0.8908672332763672,
            0.8392566442489624,
            0.8840689659118652,
            1.0000758171081543,
            0.9659705758094788,
            0.6723136901855469
          ],
          [
            0.4674658179283142,
            0.48878827691078186,
            0.9489501714706421,
            0.8516710996627808,
            0.9417896866798401,
            0.9659705758094788,
            1.0001494884490967,
            0.7922694683074951
          ],
          [
            0.7830942869186401,
            0.7442957162857056,
            0.9304460287094116,
            0.7154492139816284,
            0.8597828149795532,
