{
  "assets": [
    "BTC-USD",
    "ETH-USD",
    "SOL-USD",
    "AVAX-USD"
  ],
  "duration": 78.17186903953552,
  "updates_by_asset": {
    "BTC-USD": 33014,
    "ETH-USD": 32360,
    "SOL-USD": 8116,
    "AVAX-USD": 1379
  },
  "total_updates": 74869,
  "analyses_run": 75,
  "frames_collected": 75,
  "findings": [
    {
      "timestamp": "2026-01-26T02:23:28.348596+00:00",
      "num_assets": 4,
      "assets": [
        "BTC-USD",
        "ETH-USD",
        "SOL-USD",
        "AVAX-USD"
      ],
      "assets_detail": {
        "BTC-USD": {
          "mid_price": 87742.875,
          "spread_bps": 0.0011396936798928946,
          "imbalance": -0.20190062379073354
        },
        "ETH-USD": {
          "mid_price": 2878.865,
          "spread_bps": 0.034735911547653445,
          "imbalance": -0.3249424039708196
        },
        "SOL-USD": {
          "mid_price": 121.905,
          "spread_bps": 0.8203108978295316,
          "imbalance": -0.19806509884985657
        },
        "AVAX-USD": {
          "mid_price": 11.655000000000001,
          "spread_bps": 8.580008580008396,
          "imbalance": 0.1580055968343678
        }
      },
      "correlation": {
        "matrix": [
          [
            0.9999996423721313,
            0.9759824872016907,
            0.8376072645187378,
            0.4969741404056549
          ],
          [
            0.9759824872016907,
            0.9999995827674866,
            0.8133816719055176,
            0.48445525765419006
          ],
          [
            0.8376072645187378,
            0.8133816719055176,
            1.000000238418579,
            0.7801369428634644
          ],
          [
            0.4969741404056549,
            0.48445525765419006,
            0.7801369428634644,
            0.9999998807907104
          ]
        ],
        "mean_correlation": 0.7985671758651733,
        "max_off_diagonal": 0.9759824872016907,
        "most_correlated": {
          "pair": [
            "BTC-USD",
            "ETH-USD"
          ],
          "value": 0.9759824872016907
        }
      },
      "liquidity": {
        "by_asset": {
          "BTC-USD": 20.78407859802246,
          "ETH-USD": 338.329345703125,
          "SOL-USD": 21157.005859375,
          "AVAX-USD": 77455.890625
        },
        "total": 98972.0078125
      },
      "compression": {
        "shape": [
          4,
          64,
          2
        ],
        "num_assets": 4,
        "price_levels": 64,
        "compression_ratio": 0.8311688311688312,
        "ranks": [
          1,
          2,
          3,
          6,
          8,
          12,
          8,
          4,
          2
        ],
        "num_qubits": 9,
        "truncation_error": 1.0326402697456576
      },
      "anomalies": [
        {
          "type": "correlation_spike",
          "pair": [
            "BTC-USD",
            "ETH-USD"
          ],
          "value": 0.9759824872016907
        },
        {
          "type": "complexity_spike",
          "compression_ratio": 0.8311688311688312
        }
      ],
      "anomaly_count": 2
    },
    {
      "timestamp": "2026-01-26T02:23:29.346092+00:00",
      "num_assets": 4,
      "assets": [
        "BTC-USD",
        "ETH-USD",
        "SOL-USD",
        "AVAX-USD"
      ],
      "assets_detail": {
        "BTC-USD": {
          "mid_price": 87732.345,
          "spread_bps": 0.0011398304706563157,
          "imbalance": -0.10251515356835
        },
        "ETH-USD": {
          "mid_price": 2878.66,
          "spread_bps": 0.2084303113252188,
          "imbalance": -0.4369394208707676
        },
        "SOL-USD": {
          "mid_price": 121.88499999999999,
          "spread_bps": 0.8204455019079555,
          "imbalance": -0.20047809719800128
        },
        "AVAX-USD": {
          "mid_price": 11.655000000000001,
          "spread_bps": 8.580008580008396,
          "imbalance": 0.14774526457420917
        }
      },
      "correlation": {
        "matrix": [
          [
            1.0,
            0.9416581392288208,
            0.8504455089569092,
            0.5345539450645447
          ],
          [
            0.9416581392288208,
            1.0000001192092896,
            0.8194189667701721,
            0.5042942762374878
          ],
          [
            0.8504455089569092,
            0.8194189667701721,
            1.0,
            0.7872471809387207
          ],
          [
            0.5345539450645447,
            0.5042942762374878,
            0.7872471809387207,
            0.9999998807907104
          ]
        ],
        "mean_correlation": 0.8047022223472595,
        "max_off_diagonal": 0.9416581392288208,
        "most_correlated": {
          "pair": [
            "BTC-USD",
            "ETH-USD"
          ],
          "value": 0.9416581392288208
        }
      },
      "liquidity": {
        "by_asset": {
          "BTC-USD": 26.545866012573242,
          "ETH-USD": 379.454345703125,
          "SOL-USD": 21693.251953125,
          "AVAX-USD": 77736.046875
        },
        "total": 99835.296875
      },
      "flow": {
        "by_asset": {
          "BTC-USD": 5.776251316070557,
          "ETH-USD": 41.228233337402344,
          "SOL-USD": 537.5922241210938,
          "AVAX-USD": 280.8595275878906
        },
        "net_divergence": 865.4561767578125
      },
      "price_changes_pct": {
        "BTC-USD": -0.012000974438094074,
        "ETH-USD": -0.007120861867434813,
        "SOL-USD": -0.016406217956613945,
        "AVAX-USD": 0.0
      },
      "compression": {
        "shape": [
          4,
          64,
          2
        ],
        "num_assets": 4,
        "price_levels": 64,
        "compression_ratio": 0.7804878048780488,
        "ranks": [
          1,
          2,
          4,
          7,
          8,
          12,
          8,
          4,
          2
        ],
        "num_qubits": 9,
        "truncation_error": 1.4375812359995532
      },
      "anomalies": [
        {
          "type": "correlation_spike",
          "pair": [
            "BTC-USD",
            "ETH-USD"
          ],
          "value": 0.9416581392288208
        },
        {
          "type": "extreme_imbalance",
          "asset": "ETH-USD",
          "imbalance": -0.4369394208707676
        },
        {
          "type": "mass_divergence",
          "direction": "inflow",
          "magnitude": 865.4561767578125
        },
        {
          "type": "complexity_spike",
          "compression_ratio": 0.7804878048780488
        }
      ],
      "anomaly_count": 4
    },
    {
      "timestamp": "2026-01-26T02:23:30.378467+00:00",
      "num_assets": 4,
      "assets": [
        "BTC-USD",
        "ETH-USD",
        "SOL-USD",
        "AVAX-USD"
      ],
      "assets_detail": {
        "BTC-USD": {
          "mid_price": 87732.345,
          "spread_bps": 0.0011398304706563157,
          "imbalance": -0.0938703768815741
        },
        "ETH-USD": {
          "mid_price": 2878.54,
          "spread_bps": 0.20843900032636486,
          "imbalance": -0.37926489239161915
        },
        "SOL-USD": {
          "mid_price": 121.88499999999999,
          "spread_bps": 0.8204455019079555,
          "imbalance": -0.18123212550348033
        },
        "AVAX-USD": {
          "mid_price": 11.655000000000001,
          "spread_bps": 8.580008580008396,
          "imbalance": 0.14761591547184796
        }
      },
      "correlation": {
        "matrix": [
          [
            0.9999997615814209,
            0.951296329498291,
            0.8496072292327881,
            0.5449899435043335
          ],
          [
            0.951296329498291,
            1.0,
            0.8183865547180176,
            0.5115436315536499
          ],
          [
            0.8496072292327881,
            0.8183865547180176,
            1.0,
            0.7976930141448975
          ],
          [
            0.5449899435043335,
            0.5115436315536499,
            0.7976930141448975,
            1.0000003576278687
          ]
        ],
        "mean_correlation": 0.8091895580291748,
        "max_off_diagonal": 0.951296329498291,
        "most_correlated": {
          "pair": [
            "BTC-USD",
            "ETH-USD"
          ],
          "value": 0.951296329498291
        }
      },
      "liquidity": {
        "by_asset": {
          "BTC-USD": 26.418249130249023,
          "ETH-USD": 402.75811767578125,
          "SOL-USD": 21785.12890625,
          "AVAX-USD": 77744.8046875
        },
        "total": 99959.109375
      },
      "flow": {
        "by_asset": {
          "BTC-USD": -0.1236148551106453,
          "ETH-USD": 22.572973251342773,
          "SOL-USD": 88.99571990966797,
          "AVAX-USD": 8.483170509338379
        },
        "net_divergence": 119.9282455444336
      },
      "price_changes_pct": {
        "BTC-USD": 0.0,
        "ETH-USD": -0.004168606226504376,
        "SOL-USD": 0.0,
        "AVAX-USD": 0.0
      },
      "compression": {
        "shape": [
          4,
          64,
          2
        ],
        "num_assets": 4,
        "price_levels": 64,
        "compression_ratio": 0.7804878048780488,
        "ranks": [
          1,
          2,
          4,
          7,
          8,
          12,
          8,
          4,
          2
        ],
        "num_qubits": 9,
        "truncation_error": 1.4230197660578578
      },
      "anomalies": [
        {
          "type": "correlation_spike",
          "pair": [
            "BTC-USD",
            "ETH-USD"
          ],
          "value": 0.951296329498291
        },
        {
          "type": "mass_divergence",
          "direction": "inflow",
          "magnitude": 119.9282455444336
        },
        {
          "type": "complexity_spike",
          "compression_ratio": 0.7804878048780488
        }
      ],
      "anomaly_count": 3
    },
    {
      "timestamp": "2026-01-26T02:23:31.383813+00:00",
      "num_assets": 4,
      "assets": [
        "BTC-USD",
        "ETH-USD",
        "SOL-USD",
        "AVAX-USD"
      ],
      "assets_detail": {
        "BTC-USD": {
          "mid_price": 87732.345,
          "spread_bps": 0.0011398304706563157,
          "imbalance": 0.013355443666177911
        },
        "ETH-USD": {
          "mid_price": 2878.535,
          "spread_bps": 0.03473989372984359,
          "imbalance": -0.3720875176367212
        },
        "SOL-USD": {
          "mid_price": 121.88499999999999,
          "spread_bps": 0.8204455019079555,
          "imbalance": -0.18874535252065258
        },
        "AVAX-USD": {
          "mid_price": 11.655000000000001,
          "spread_bps": 8.580008580008396,
          "imbalance": 0.14213702145498766
        }
      },
      "correlation": {
        "matrix": [
          [
            0.999999463558197,
            0.9098856449127197,
            0.8237049579620361,
            0.49904292821884155
          ],
          [
            0.9098856449127197,
            1.000000238418579,
            0.8297427892684937,
            0.49454671144485474
          ],
          [
            0.8237049579620361,
            0.8297427892684937,
            0.9999998807907104,
            0.7799787521362305
          ],
          [
            0.49904292821884155,
            0.49454671144485474,
            0.7799787521362305,
            1.0000003576278687
          ]
        ],
        "mean_correlation": 0.7921127080917358,
        "max_off_diagonal": 0.9098856449127197,
        "most_correlated": {
          "pair": [
            "BTC-USD",
            "ETH-USD"
          ],
          "value": 0.9098856449127197
        }
      },
      "liquidity": {
        "by_asset": {
          "BTC-USD": 28.564077377319336,
          "ETH-USD": 389.00811767578125,
          "SOL-USD": 22064.947265625,
          "AVAX-USD": 77375.6484375
        },
        "total": 99858.171875
      },
      "flow": {
        "by_asset": {
          "BTC-USD": 2.134417772293091,
          "ETH-USD": -13.676884651184082,
          "SOL-USD": 278.3304138183594,
          "AVAX-USD": -367.1932678222656
        },
        "net_divergence": -100.40533447265625
      },
      "price_changes_pct": {
        "BTC-USD": 0.0,
        "ETH-USD": -0.00017369916694258685,
        "SOL-USD": 0.0,
        "AVAX-USD": 0.0
      },
      "compression": {
        "shape": [
          4,
          64,
          2
        ],
        "num_assets": 4,
        "price_levels": 64,
        "compression_ratio": 0.7111111111111111,
        "ranks": [
          1,
          2,
          4,
          8,
          9,
          12,
          8,
          4,
          2
        ],
        "num_qubits": 9,
        "truncation_error": 1.0056155122891732
      },
      "anomalies": [
        {
          "type": "correlation_spike",
          "pair": [
            "BTC-USD",
            "ETH-USD"
          ],
          "value": 0.9098856449127197
        },
        {
          "type": "mass_divergence",
          "direction": "outflow",
          "magnitude": 100.40533447265625
        },
        {
          "type": "complexity_spike",
          "compression_ratio": 0.7111111111111111
        }
      ],
      "anomaly_count": 3
    },
    {
      "timestamp": "2026-01-26T02:23:32.396730+00:00",
      "num_assets": 4,
      "assets": [
        "BTC-USD",
        "ETH-USD",
        "SOL-USD",
        "AVAX-USD"
      ],
      "assets_detail": {
        "BTC-USD": {
          "mid_price": 87728.265,
          "spread_bps": 0.0011398834810323931,
          "imbalance": -0.024929889430998425
        },
        "ETH-USD": {
          "mid_price": 2878.105,
          "spread_bps": 0.03474508400568526,
          "imbalance": -0.4290765636885712
        },
        "SOL-USD": {
          "mid_price": 121.875,
          "spread_bps": 0.8205128205120743,
          "imbalance": -0.1796857353787995
        },
        "AVAX-USD": {
          "mid_price": 11.655000000000001,
          "spread_bps": 8.580008580008396,
          "imbalance": 0.15544150813597615
        }
      },
      "correlation": {
        "matrix": [
          [
            0.9999998807907104,
            0.867415189743042,
            0.785448431968689,
            0.46408161520957947
          ],
          [
            0.867415189743042,
            1.0000001192092896,
            0.7928071022033691,
            0.5274364948272705
          ],
          [
            0.785448431968689,
            0.7928071022033691,
            0.9999997615814209,
            0.7921421527862549
          ],
          [
            0.46408161520957947,
            0.5274364948272705,
            0.7921421527862549,
            1.0000001192092896
          ]
        ],
        "mean_correlation": 0.7786663174629211,
        "max_off_diagonal": 0.867415189743042,
        "most_correlated": {
          "pair": [
            "BTC-USD",
            "ETH-USD"
          ],
          "value": 0.867415189743042
        }
      },
      "liquidity": {
        "by_asset": {
          "BTC-USD": 21.41737174987793,
          "ETH-USD": 570.00390625,
          "SOL-USD": 21224.21484375,
          "AVAX-USD": 75952.1953125
        },
        "total": 97767.828125
      },
      "flow": {
        "by_asset": {
          "BTC-USD": -7.055568695068359,
          "ETH-USD": 178.6876678466797,
          "SOL-USD": -830.0111083984375,
          "AVAX-USD": -1405.30078125
        },
        "net_divergence": -2063.6796875
      },
      "price_changes_pct": {
        "BTC-USD": -0.004650508315948635,
        "ETH-USD": -0.014938154304180296,
        "SOL-USD": -0.008204455019067896,
        "AVAX-USD": 0.0
      },
      "compression": {
        "shape": [
          4,
          64,
          2
        ],
        "num_assets": 4,
        "price_levels": 64,
        "compression_ratio": 0.7377521613832853,
        "ranks": [
          1,
          2,
          4,
          7,
          9,
          12,
          8,
          4,
          2
        ],
        "num_qubits": 9,
        "truncation_error": 1.9035462451465028
      },
      "anomalies": [
        {
          "type": "extreme_imbalance",
          "asset": "ETH-USD",
          "imbalance": -0.4290765636885712
        },
        {
          "type": "mass_divergence",
          "direction": "outflow",
          "magnitude": 2063.6796875
        },
        {
          "type": "complexity_spike",
          "compression_ratio": 0.7377521613832853
        }
      ],
      "anomaly_count": 3
    },
    {
      "timestamp": "2026-01-26T02:23:33.406009+00:00",
      "num_assets": 4,
      "assets": [
        "BTC-USD",
        "ETH-USD",
        "SOL-USD",
        "AVAX-USD"
      ],
      "assets_detail": {
        "BTC-USD": {
          "mid_price": 87724.505,
          "spread_bps": 0.0011399323364390953,
          "imbalance": -0.06856693424862527
        },
        "ETH-USD": {
          "mid_price": 2877.7650000000003,
          "spread_bps": 0.03474918903997905,
          "imbalance": -0.35738053758665683
        },
        "SOL-USD": {
          "mid_price": 121.845,
          "spread_bps": 0.8207148426271824,
          "imbalance": -0.2301540994761451
        },
        "AVAX-USD": {
          "mid_price": 11.645,
          "spread_bps": 8.587376556461818,
          "imbalance": 0.11444943089417553
        }
      },
      "correlation": {
        "matrix": [
          [
            0.9999998807907104,
            0.9020341634750366,
            0.7902736067771912,
            0.44269710779190063
          ],
          [
            0.9020341634750366,
            0.9999998211860657,
            0.8159608244895935,
            0.49660927057266235
          ],
          [
            0.7902736067771912,
            0.8159608244895935,
            1.0000001192092896,
            0.7994874715805054
          ],
          [
            0.44269710779190063,
            0.49660927057266235,
            0.7994874715805054,
            1.0
          ]
        ],
        "mean_correlation": 0.780882716178894,
        "max_off_diagonal": 0.9020341634750366,
        "most_correlated": {
          "pair": [
            "BTC-USD",
            "ETH-USD"
          ],
          "value": 0.9020341634750366
        }
      },
      "liquidity": {
        "by_asset": {
          "BTC-USD": 31.236364364624023,
          "ETH-USD": 690.9711303710938,
          "SOL-USD": 25485.833984375,
          "AVAX-USD": 76176.9296875
        },
        "total": 102384.96875
      },
      "flow": {
        "by_asset": {
          "BTC-USD": 9.728719711303711,
          "ETH-USD": 119.85508728027344,
          "SOL-USD": 4222.43896484375,
          "AVAX-USD": 222.66822814941406
        },
        "net_divergence": 4574.69140625
      },
      "price_changes_pct": {
        "BTC-USD": -0.0042859618846842135,
        "ETH-USD": -0.011813328561664387,
        "SOL-USD": -0.024615384615385545,
        "AVAX-USD": -0.08580008580009921
      },
      "compression": {
        "shape": [
          4,
          64,
          2
        ],
        "num_assets": 4,
        "price_levels": 64,
        "compression_ratio": 0.64,
        "ranks": [
          1,
          2,
          4,
          8,
          11,
          12,
          8,
          4,
          2
        ],
        "num_qubits": 9,
        "truncation_error": 1.2959916472715896
      },
      "anomalies": [
        {
          "type": "correlation_spike",
          "pair": [
            "BTC-USD",
            "ETH-USD"
          ],
          "value": 0.9020341634750366
        },
        {
          "type": "mass_divergence",
          "direction": "inflow",
          "magnitude": 4574.69140625
        },
        {
          "type": "complexity_spike",
          "compression_ratio": 0.64
        }
      ],
      "anomaly_count": 3
    },
    {
      "timestamp": "2026-01-26T02:23:34.433480+00:00",
      "num_assets": 4,
      "assets": [
        "BTC-USD",
        "ETH-USD",
        "SOL-USD",
        "AVAX-USD"
      ],
      "assets_detail": {
        "BTC-USD": {
          "mid_price": 87724.505,
          "spread_bps": 0.0011399323364390953,
          "imbalance": -0.027454474838540275
        },
        "ETH-USD": {
          "mid_price": 2877.7650000000003,
          "spread_bps": 0.03474918903997905,
          "imbalance": -0.3329291405141323
        },
        "SOL-USD": {
          "mid_price": 121.845,
          "spread_bps": 0.8207148426271824,
          "imbalance": -0.2087368483990399
        },
        "AVAX-USD": {
          "mid_price": 11.645,
          "spread_bps": 8.587376556461818,
          "imbalance": 0.14316122455274086
        }
      },
      "correlation": {
        "matrix": [
          [
            1.0,
            0.9123339653015137,
            0.7817482948303223,
            0.46023887395858765
          ],
          [
            0.9123339653015137,
            0.9999995231628418,
            0.8337852954864502,
            0.5229277014732361
          ],
          [
            0.7817482948303223,
            0.8337852954864502,
            0.9999998211860657,
            0.803139328956604
          ],
          [
            0.46023887395858765,
            0.5229277014732361,
            0.803139328956604,
            0.9999998807907104
          ]
        ],
        "mean_correlation": 0.7892716526985168,
        "max_off_diagonal": 0.9123339653015137,
        "most_correlated": {
          "pair": [
            "BTC-USD",
            "ETH-USD"
          ],
          "value": 0.9123339653015137
        }
      },
      "liquidity": {
        "by_asset": {
          "BTC-USD": 31.002735137939453,
          "ETH-USD": 692.0562133789062,
          "SOL-USD": 25512.095703125,
          "AVAX-USD": 77509.421875
        },
        "total": 103744.578125
      },
      "flow": {
        "by_asset": {
          "BTC-USD": -0.2273828089237213,
          "ETH-USD": 1.0560717582702637,
          "SOL-USD": 25.559572219848633,
          "AVAX-USD": 1296.8660888671875
        },
        "net_divergence": 1323.25439453125
      },
      "price_changes_pct": {
        "BTC-USD": 0.0,
        "ETH-USD": 0.0,
        "SOL-USD": 0.0,
        "AVAX-USD": 0.0
      },
      "compression": {
        "shape": [
          4,
          64,
          2
        ],
        "num_assets": 4,
        "price_levels": 64,
        "compression_ratio": 0.6994535519125683,
        "ranks": [
          1,
          2,
          4,
          7,
          10,
          12,
          8,
          4,
          2
        ],
        "num_qubits": 9,
        "truncation_error": 2.025274756867189
      },
      "anomalies": [
        {
          "type": "correlation_spike",
          "pair": [
            "BTC-USD",
            "ETH-USD"
          ],
          "value": 0.9123339653015137
        },
        {
          "type": "mass_divergence",
          "direction": "inflow",
          "magnitude": 1323.25439453125
        },
        {
          "type": "complexity_spike",
          "compression_ratio": 0.6994535519125683
        }
      ],
      "anomaly_count": 3
    },
    {
      "timestamp": "2026-01-26T02:23:35.467617+00:00",
      "num_assets": 4,
      "assets": [
        "BTC-USD",
        "ETH-USD",
        "SOL-USD",
        "AVAX-USD"
      ],
      "assets_detail": {
        "BTC-USD": {
          "mid_price": 87724.505,
          "spread_bps": 0.0011399323364390953,
          "imbalance": -0.03780762017649386
        },
        "ETH-USD": {
          "mid_price": 2877.7650000000003,
          "spread_bps": 0.03474918903997905,
          "imbalance": -0.29608478177228054
        },
        "SOL-USD": {
          "mid_price": 121.845,
          "spread_bps": 0.8207148426271824,
          "imbalance": -0.20266557442456903
        },
        "AVAX-USD": {
          "mid_price": 11.645,
          "spread_bps": 8.587376556461818,
          "imbalance": 0.14316122455274086
        }
      },
      "correlation": {
        "matrix": [
          [
            0.9999997615814209,
            0.6850025653839111,
            0.7750418186187744,
            0.45321333408355713
          ],
          [
            0.6850025653839111,
            1.0,
            0.9009999632835388,
            0.7490053176879883
          ],
          [
            0.7750418186187744,
            0.9009999632835388,
            0.9999998807907104,
            0.8022395372390747
          ],
          [
            0.45321333408355713,
            0.7490053176879883,
            0.8022395372390747,
            0.9999998807907104
          ]
        ],
        "mean_correlation": 0.7956877946853638,
        "max_off_diagonal": 0.9009999632835388,
        "most_correlated": {
          "pair": [
            "ETH-USD",
            "SOL-USD"
          ],
          "value": 0.9009999632835388
        }
      },
      "liquidity": {
        "by_asset": {
          "BTC-USD": 31.713014602661133,
          "ETH-USD": 1512.4307861328125,
          "SOL-USD": 25694.947265625,
          "AVAX-USD": 77509.421875
        },
        "total": 104748.515625
      },
      "flow": {
        "by_asset": {
          "BTC-USD": 0.6868330240249634,
          "ETH-USD": 793.2938842773438,
          "SOL-USD": 176.81561279296875,
          "AVAX-USD": 0.0
        },
        "net_divergence": 970.7963256835938
      },
      "price_changes_pct": {
        "BTC-USD": 0.0,
        "ETH-USD": 0.0,
        "SOL-USD": 0.0,
        "AVAX-USD": 0.0
      },
      "compression": {
        "shape": [
          4,
          64,
          2
        ],
        "num_assets": 4,
        "price_levels": 64,
        "compression_ratio": 0.5818181818181818,
        "ranks": [
          1,
          2,
          4,
          8,
          12,
          13,
          8,
          4,
          2
        ],
        "num_qubits": 9,
        "truncation_error": 1.1886980135522514
      },
      "anomalies": [
        {
          "type": "correlation_spike",
          "pair": [
            "ETH-USD",
            "SOL-USD"
          ],
          "value": 0.9009999632835388
        },
        {
          "type": "mass_divergence",
          "direction": "inflow",
          "magnitude": 970.7963256835938
        },
        {
          "type": "complexity_spike",
          "compression_ratio": 0.5818181818181818
        }
      ],
      "anomaly_count": 3
    },
    {
      "timestamp": "2026-01-26T02:23:36.476267+00:00",
      "num_assets": 4,
      "assets": [
        "BTC-USD",
        "ETH-USD",
        "SOL-USD",
        "AVAX-USD"
      ],
      "assets_detail": {
        "BTC-USD": {
          "mid_price": 87713.995,
          "spread_bps": 0.001140068924549761,
          "imbalance": -0.13081035432114352
        },
        "ETH-USD": {
          "mid_price": 2877.425,
          "spread_bps": 0.03475329504596481,
          "imbalance": -0.3198315458056922
        },
        "SOL-USD": {
          "mid_price": 121.82499999999999,
          "spread_bps": 0.8208495793150106,
          "imbalance": -0.19917576181067495
        },
        "AVAX-USD": {
          "mid_price": 11.645,
          "spread_bps": 8.587376556461818,
          "imbalance": 0.1098275553652551
        }
      },
      "correlation": {
        "matrix": [
          [
            1.0000003576278687,
            0.7500137090682983,
            0.8215289115905762,
            0.4798203706741333
          ],
          [
            0.7500137090682983,
            0.9999998807907104,
            0.9072778820991516,
            0.7670059204101562
          ],
          [
            0.8215289115905762,
            0.9072778820991516,
            1.000000238418579,
            0.8187922239303589
          ],
          [
            0.4798203706741333,
            0.7670059204101562,
            0.8187922239303589,
            1.0
          ]
        ],
        "mean_correlation": 0.8180549144744873,
        "max_off_diagonal": 0.9072778820991516,
        "most_correlated": {
          "pair": [
            "ETH-USD",
            "SOL-USD"
          ],
          "value": 0.9072778820991516
        }
      },
      "liquidity": {
        "by_asset": {
          "BTC-USD": 43.14710998535156,
          "ETH-USD": 1596.1429443359375,
          "SOL-USD": 26542.5,
          "AVAX-USD": 76779.171875
        },
        "total": 104960.9609375
      },
      "flow": {
        "by_asset": {
          "BTC-USD": 11.336039543151855,
          "ETH-USD": 82.9942626953125,
          "SOL-USD": 840.2843017578125,
          "AVAX-USD": -723.987548828125
        },
        "net_divergence": 210.6270751953125
      },
      "price_changes_pct": {
        "BTC-USD": -0.011980688862261819,
        "ETH-USD": -0.011814724273877314,
        "SOL-USD": -0.016414296852566977,
        "AVAX-USD": 0.0
      },
      "compression": {
        "shape": [
          4,
          64,
          2
        ],
        "num_assets": 4,
        "price_levels": 64,
        "compression_ratio": 0.5818181818181818,
        "ranks": [
          1,
          2,
          4,
          8,
          12,
          13,
          8,
          4,
          2
        ],
        "num_qubits": 9,
        "truncation_error": 0.9944235777818141
      },
      "anomalies": [
        {
          "type": "correlation_spike",
          "pair": [
            "ETH-USD",
            "SOL-USD"
          ],
          "value": 0.9072778820991516
        },
        {
          "type": "mass_divergence",
          "direction": "inflow",
          "magnitude": 210.6270751953125
        },
        {
          "type": "complexity_spike",
          "compression_ratio": 0.5818181818181818
        }
      ],
      "anomaly_count": 3
    },
    {
      "timestamp": "2026-01-26T02:23:37.477101+00:00",
      "num_assets": 4,
      "assets": [
        "BTC-USD",
        "ETH-USD",
        "SOL-USD",
        "AVAX-USD"
      ],
      "assets_detail": {
        "BTC-USD": {
          "mid_price": 87723.265,
          "spread_bps": 0.16529252530804017,
          "imbalance": -0.16871421928585986
        },
        "ETH-USD": {
          "mid_price": 2877.7650000000003,
          "spread_bps": 0.03474918903997905,
          "imbalance": -0.3074311389207076
        },
        "SOL-USD": {
          "mid_price": 121.82499999999999,
          "spread_bps": 0.8208495793150106,
          "imbalance": -0.12947155886599077
        },
        "AVAX-USD": {
          "mid_price": 11.645,
          "spread_bps": 8.587376556461818,
          "imbalance": 0.13272249394631747
        }
      },
      "correlation": {
        "matrix": [
          [
            1.0000003576278687,
            0.7727155685424805,
            0.7931956052780151,
            0.49303245544433594
          ],
          [
            0.7727155685424805,
            1.0000001192092896,
            0.8872140645980835,
            0.769540011882782
          ],
          [
            0.7931956052780151,
            0.8872140645980835,
            1.0,
            0.8446485996246338
          ],
          [
            0.49303245544433594,
            0.769540011882782,
            0.8446485996246338,
            1.0000001192092896
          ]
        ],
        "mean_correlation": 0.8200433254241943,
        "max_off_diagonal": 0.8872140645980835,
        "most_correlated": {
          "pair": [
            "ETH-USD",
            "SOL-USD"
          ],
          "value": 0.8872140645980835
        }
      },
      "liquidity": {
        "by_asset": {
          "BTC-USD": 50.99810028076172,
          "ETH-USD": 1581.196533203125,
          "SOL-USD": 25122.185546875,
          "AVAX-USD": 78632.40625
        },
        "total": 105386.7890625
      },
      "flow": {
        "by_asset": {
          "BTC-USD": 7.844448089599609,
          "ETH-USD": -14.933956146240234,
          "SOL-USD": -1419.130859375,
          "AVAX-USD": 1851.6900634765625
        },
        "net_divergence": 425.4697265625
      },
      "price_changes_pct": {
        "BTC-USD": 0.010568438936117407,
        "ETH-USD": 0.011816120315912509,
        "SOL-USD": 0.0,
        "AVAX-USD": 0.0
      },
      "compression": {
        "shape": [
          4,
          64,
          2
        ],
        "num_assets": 4,
        "price_levels": 64,
        "compression_ratio": 0.5818181818181818,
        "ranks": [
          1,
          2,
          4,
          8,
          12,
          13,
          8,
          4,
          2
        ],
        "num_qubits": 9,
        "truncation_error": 0.8314400420998744
      },
      "anomalies": [
        {
          "type": "mass_divergence",
          "direction": "inflow",
          "magnitude": 425.4697265625
        },
        {
          "type": "complexity_spike",
          "compression_ratio": 0.5818181818181818
        }
      ],
      "anomaly_count": 2
    },
    {
      "timestamp": "2026-01-26T02:23:38.481121+00:00",
      "num_assets": 4,
      "assets": [
        "BTC-USD",
        "ETH-USD",
        "SOL-USD",
        "AVAX-USD"
      ],
      "assets_detail": {
        "BTC-USD": {
          "mid_price": 87722.045,
          "spread_bps": 0.001139964305359414,
          "imbalance": -0.16358061559284864
        },
        "ETH-USD": {
          "mid_price": 2878.085,
          "spread_bps": 0.03474532545153558,
          "imbalance": -0.23678950786579908
        },
        "SOL-USD": {
          "mid_price": 121.83500000000001,
          "spread_bps": 0.8207822054422059,
          "imbalance": -0.14763241004206823
        },
        "AVAX-USD": {
          "mid_price": 11.645,
          "spread_bps": 8.587376556461818,
          "imbalance": 0.13044809037180014
        }
      },
      "correlation": {
        "matrix": [
          [
            0.9999998807907104,
            0.7722480297088623,
            0.8116875886917114,
            0.5047721862792969
          ],
          [
            0.7722480297088623,
            0.9999998807907104,
            0.8867418169975281,
            0.7777467966079712
          ],
          [
            0.8116875886917114,
            0.8867418169975281,
            1.0000003576278687,
            0.8426468372344971
          ],
          [
            0.5047721862792969,
            0.7777467966079712,
            0.8426468372344971,
            1.0000001192092896
          ]
        ],
        "mean_correlation": 0.8244804739952087,
        "max_off_diagonal": 0.8867418169975281,
        "most_correlated": {
          "pair": [
            "ETH-USD",
            "SOL-USD"
          ],
          "value": 0.8867418169975281
        }
      },
      "liquidity": {
        "by_asset": {
          "BTC-USD": 55.662628173828125,
          "ETH-USD": 1697.086181640625,
          "SOL-USD": 26074.87890625,
          "AVAX-USD": 79687.46875
        },
        "total": 107515.09375
      },
      "flow": {
        "by_asset": {
          "BTC-USD": 4.6458516120910645,
          "ETH-USD": 115.42564392089844,
          "SOL-USD": 948.87890625,
          "AVAX-USD": 1050.838134765625
        },
        "net_divergence": 2119.78857421875
      },
      "price_changes_pct": {
        "BTC-USD": -0.0013907371094784996,
        "ETH-USD": 0.011119740493046128,
        "SOL-USD": 0.00820849579316177,
        "AVAX-USD": 0.0
      },
      "compression": {
        "shape": [
          4,
          64,
          2
        ],
        "num_assets": 4,
        "price_levels": 64,
        "compression_ratio": 0.5818181818181818,
        "ranks": [
          1,
          2,
          4,
          8,
          12,
          13,
          8,
          4,
          2
        ],
        "num_qubits": 9,
        "truncation_error": 0.9409467824299182
      },
      "anomalies": [
        {
          "type": "mass_divergence",
          "direction": "inflow",
          "magnitude": 2119.78857421875
        },
        {
          "type": "complexity_spike",
          "compression_ratio": 0.5818181818181818
        }
      ],
      "anomaly_count": 2
    },
    {
      "timestamp": "2026-01-26T02:23:39.507339+00:00",
      "num_assets": 4,
      "assets": [
        "BTC-USD",
        "ETH-USD",
        "SOL-USD",
        "AVAX-USD"
      ],
      "assets_detail": {
        "BTC-USD": {
          "mid_price": 87722.045,
          "spread_bps": 0.001139964305359414,
          "imbalance": -0.14227086851076265
        },
        "ETH-USD": {
          "mid_price": 2878.0950000000003,
          "spread_bps": 0.03474520472661093,
          "imbalance": -0.3159947746656448
        },
        "SOL-USD": {
          "mid_price": 121.83500000000001,
          "spread_bps": 0.8207822054422059,
          "imbalance": -0.17599012674060027
        },
        "AVAX-USD": {
          "mid_price": 11.645,
          "spread_bps": 8.587376556461818,
          "imbalance": 0.13681751433869022
        }
      },
      "correlation": {
        "matrix": [
          [
            0.9999997615814209,
            0.7806150317192078,
            0.8124580979347229,
            0.4993925988674164
          ],
          [
            0.7806150317192078,
            0.9999999403953552,
            0.9053621888160706,
            0.7574746608734131
          ],
          [
            0.8124580979347229,
            0.9053621888160706,
            1.000000238418579,
            0.8325492739677429
          ],
          [
            0.4993925988674164,
            0.7574746608734131,
            0.8325492739677429,
            0.9999998807907104
          ]
        ],
        "mean_correlation": 0.8234814405441284,
        "max_off_diagonal": 0.9053621888160706,
        "most_correlated": {
          "pair": [
            "ETH-USD",
            "SOL-USD"
          ],
          "value": 0.9053621888160706
        }
      },
      "liquidity": {
        "by_asset": {
          "BTC-USD": 48.061100006103516,
          "ETH-USD": 1602.4879150390625,
          "SOL-USD": 25967.39453125,
          "AVAX-USD": 79116.9609375
        },
        "total": 106734.90625
      },
      "flow": {
        "by_asset": {
          "BTC-USD": -7.407322406768799,
          "ETH-USD": -92.18144989013672,
          "SOL-USD": -104.73834228515625,
          "AVAX-USD": -555.932373046875
        },
        "net_divergence": -760.259521484375
      },
      "price_changes_pct": {
        "BTC-USD": 0.0,
        "ETH-USD": 0.00034745325451535585,
        "SOL-USD": 0.0,
        "AVAX-USD": 0.0
      },
      "compression": {
        "shape": [
          4,
          64,
          2
        ],
        "num_assets": 4,
        "price_levels": 64,
        "compression_ratio": 0.5818181818181818,
        "ranks": [
          1,
          2,
          4,
          8,
          12,
          13,
          8,
          4,
          2
        ],
        "num_qubits": 9,
        "truncation_error": 1.014248837433745
      },
      "anomalies": [
        {
          "type": "correlation_spike",
          "pair": [
            "ETH-USD",
            "SOL-USD"
          ],
          "value": 0.9053621888160706
        },
        {
          "type": "mass_divergence",
          "direction": "outflow",
          "magnitude": 760.259521484375
        },
        {
          "type": "complexity_spike",
          "compression_ratio": 0.5818181818181818
        }
      ],
      "anomaly_count": 3
    },
    {
      "timestamp": "2026-01-26T02:23:40.541374+00:00",
      "num_assets": 4,
      "assets": [
        "BTC-USD",
        "ETH-USD",
        "SOL-USD",
        "AVAX-USD"
      ],
      "assets_detail": {
        "BTC-USD": {
          "mid_price": 87722.045,
          "spread_bps": 0.001139964305359414,
          "imbalance": -0.20128016771658702
        },
        "ETH-USD": {
          "mid_price": 2878.0550000000003,
          "spread_bps": 0.034745687625022906,
          "imbalance": -0.23820225160415057
        },
        "SOL-USD": {
